_MODEL_;_SKU_;_NAME_;_CATEGORY_;_MAIN_CATEGORY_;_MANUFACTURER_;_DESCRIPTION_;_ATTRIBUTES_;_PRODUCT_IMAGES_;_STATUS_;_SEO_KEYWORD_
00000015089;ДАИ-18-2-Ли КНМ4;Аккумуляторная дрель-шуруповерт ЗУБР МАСТЕР ДАИ-18-2-Ли КНМ4;Инструменты|Электроинструмент|Дрели-шуруповерты;Инструменты|Электроинструмент|Дрели-шуруповерты;ЗУБР;"Аккумуляторная дрель-шуруповерт ЗУБР МАСТЕР ДАИ-18-2-Ли КНМ4 применяется для сверления отверстий, а также для откручивания и закручивания резьбовых соединений. При наличии соответствующих насадок подходит для перемешивания лакокрасочных материалов.
Металлический корпус редуктора способствует лучшему отводу тепла и долгому сроку службы.
Бесщеточный двигатель Brushless обеспечивает высокую производительность и увеличивает крутящий момент.
Бесключевой одномуфтовый патрон Auto-Lock надежно фиксирует оснастку диаметром до 13 мм.
Для дополнительной безопасности предусмотрен электронный тормоз двигателя.";"Характеристики|Тип|аккумуляторный
Характеристики|Тип двигателя|бесщеточный
Характеристики|Наличие удара|нет
Характеристики|Ленточные (магазинные)|нет
Характеристики|Наличие реверса|да
Характеристики|Наличие подсветки|да
Характеристики|Тормоз двигателя|есть
Характеристики|Тип патрона|быстрозажимной
Характеристики|Блокировка шпинделя|да
Характеристики|Размер зажимаемой оснастки, мм|2-13
Характеристики|Max крутящий момент , Нм|60
Характеристики|Жестк. вращ. момент, Нм|60
Характеристики|Мягк.вращ. момент, Нм|30
Характеристики|Число скоростей|2
Характеристики|Частота вращения шпинделя, об/мин|0-500/01800
Характеристики|Число ступеней крутящего момента|19+1
Характеристики|Max диаметр сверления (металл), мм|13
Характеристики|Мах диаметр сверления (дерево), мм|38
Характеристики|Тип аккумулятора|Li-Ion
Характеристики|Напряжение аккумулятора, В|18
Характеристики|Емкость аккумулятора, А*ч|1.5
Характеристики|Устройство аккумулятора|слайдер
Характеристики|Время заряда, ч|1
Характеристики|Количество аккумуляторов в комплекте|2
Характеристики|Габариты без упаковки, мм|360х300х120
Характеристики|Вес нетто, кг|1,65
";catalog/goods/stroitelnyj-instrument/shurupoverty/960907/1200x800/51783981.jpg,catalog/goods/stroitelnyj-instrument/shurupoverty/960907/1200x800/51783982.jpg,catalog/goods/stroitelnyj-instrument/shurupoverty/960907/1200x800/51783983.jpg,catalog/goods/stroitelnyj-instrument/shurupoverty/960907/1200x800/51783984.jpg,catalog/goods/stroitelnyj-instrument/shurupoverty/960907/1200x800/51783985.jpg,catalog/goods/stroitelnyj-instrument/shurupoverty/960907/1200x800/51783986.jpg,catalog/goods/stroitelnyj-instrument/shurupoverty/960907/1200x800/51783987.jpg,catalog/goods/stroitelnyj-instrument/shurupoverty/960907/1200x800/51783988.jpg,catalog/goods/stroitelnyj-instrument/shurupoverty/960907/1200x800/51783989.jpg,catalog/goods/stroitelnyj-instrument/shurupoverty/960907/1200x800/51783990.jpg,catalog/goods/stroitelnyj-instrument/shurupoverty/960907/1200x800/51783991.jpg,catalog/goods/stroitelnyj-instrument/shurupoverty/960907/1200x800/51783992.jpg,catalog/goods/stroitelnyj-instrument/shurupoverty/960907/1200x800/51783993.jpg,catalog/goods/stroitelnyj-instrument/shurupoverty/960907/1200x800/51783994.jpg,catalog/goods/stroitelnyj-instrument/shurupoverty/960907/1200x800/51783995.jpg,catalog/goods/stroitelnyj-instrument/shurupoverty/960907/1200x800/51783996.jpg;1;akkumuljatornaja-drel-shurupovert-zubr-master-dai-18-2-li-knm4
00000012714;ДА-14,4-2-Ли КНМ1;Аккумуляторная дрель-шуруповерт ЗУБР ДА-14.4-2-Ли КНМ2;Инструменты|Электроинструмент|Дрели-шуруповерты;Инструменты|Электроинструмент|Дрели-шуруповерты;ЗУБР;"Аккумуляторная дрель-шуруповерт ЗУБР ДА-14.4-2-Ли КНМ2 предназначена для сверления отверстий и закручивания/откручивания крепежных элементов. В комплект входят два литий-ионных аккумулятора, что обеспечивает продолжительную работу.
Мощный двигатель и конструкция редуктора обеспечивают высокий крутящий момент.
Быстрозажимной одномуфтовый патрон позволяет легко и быстро менять рабочую оснастку.
Наличие подсветки облегчает эксплуатацию инструмента в условиях недостаточного освещения.
Для дополнительной безопасности предусмотрен электронный тормоз двигателя.";"Характеристики|Тип|аккумуляторный
Характеристики|Тип двигателя|щеточный
Характеристики|Наличие удара|нет
Характеристики|Ленточные (магазинные)|нет
Характеристики|Наличие реверса|да
Характеристики|Наличие подсветки|да
Характеристики|Тормоз двигателя|есть
Характеристики|Тип патрона|быстрозажимной
Характеристики|Блокировка шпинделя|да
Характеристики|Размер зажимаемой оснастки, мм|0.8-10
Характеристики|Max крутящий момент , Нм|45
Характеристики|Жестк. вращ. момент, Нм|45
Характеристики|Мягк.вращ. момент, Нм|22
Характеристики|Число скоростей|2
Характеристики|Частота вращения шпинделя, об/мин|0-350/0-1350
Характеристики|Число ступеней крутящего момента|18+1
Характеристики|Max диаметр сверления (металл), мм|10
Характеристики|Мах диаметр сверления (дерево), мм|25
Характеристики|Тип аккумулятора|Li-Ion
Характеристики|Напряжение аккумулятора, В|14.4
Характеристики|Емкость аккумулятора, А*ч|1.5
Характеристики|Устройство аккумулятора|слайдер
Характеристики|Время заряда, ч|1
Характеристики|Количество аккумуляторов в комплекте|2
Характеристики|Габариты без упаковки, мм|360х300х120
Характеристики|Вес нетто, кг|1,1
";catalog/goods/stroitelnyj-instrument/shurupoverty/960878/1200x800/51362710.jpg,catalog/goods/stroitelnyj-instrument/shurupoverty/960878/1200x800/51362711.jpg,catalog/goods/stroitelnyj-instrument/shurupoverty/960878/1200x800/51362712.jpg,catalog/goods/stroitelnyj-instrument/shurupoverty/960878/1200x800/51362713.jpg,catalog/goods/stroitelnyj-instrument/shurupoverty/960878/1200x800/51362714.jpg,catalog/goods/stroitelnyj-instrument/shurupoverty/960878/1200x800/51362715.jpg,catalog/goods/stroitelnyj-instrument/shurupoverty/960878/1200x800/51362716.jpg,catalog/goods/stroitelnyj-instrument/shurupoverty/960878/1200x800/51362717.jpg,catalog/goods/stroitelnyj-instrument/shurupoverty/960878/1200x800/51362718.jpg,catalog/goods/stroitelnyj-instrument/shurupoverty/960878/1200x800/51362719.jpg,catalog/goods/stroitelnyj-instrument/shurupoverty/960878/1200x800/51362720.jpg,catalog/goods/stroitelnyj-instrument/shurupoverty/960878/1200x800/51362727.jpg,catalog/goods/stroitelnyj-instrument/shurupoverty/960878/1200x800/51362729.jpg,catalog/goods/stroitelnyj-instrument/shurupoverty/960878/1200x800/52473451.jpg,catalog/goods/stroitelnyj-instrument/shurupoverty/960878/1200x800/52473452.jpg,catalog/goods/stroitelnyj-instrument/shurupoverty/960878/1200x800/52473453.jpg,catalog/goods/stroitelnyj-instrument/shurupoverty/960878/1200x800/52473454.jpg,catalog/goods/stroitelnyj-instrument/shurupoverty/960878/1200x800/52473455.jpg;1;akkumuljatornaja-drel-shurupovert-zubr-da-144-2-li-knm2
00000015086;ДА-14,4-2-Ли КМ1;Аккумуляторная дрель-шуруповерт ЗУБР МАСТЕР ДА-14.4-2-Ли КМ2;Инструменты|Электроинструмент|Дрели-шуруповерты;Инструменты|Электроинструмент|Дрели-шуруповерты;ЗУБР;"Аккумуляторная дрель-шуруповерт ЗУБР МАСТЕР ДА-14.4-2-Ли КМ2 пригодится при отделочных и ремонтных работах. Отличается высокой производительностью и удобством в эксплуатации. Источником питания является литий-ионный аккумулятор.
Мощный двигатель и конструкция редуктора обеспечивают высокий крутящий момент.
Быстрозажимной одномуфтовый патрон позволяет легко и быстро менять аксессуары.
Наличие подсветки облегчает работу инструмента в условиях недостаточного освещения.
Для дополнительной безопасности предусмотрен электронный тормоз двигателя.";"Характеристики|Тип|аккумуляторный
Характеристики|Тип двигателя|щеточный
Характеристики|Наличие удара|нет
Характеристики|Ленточные (магазинные)|нет
Характеристики|Наличие реверса|да
Характеристики|Наличие подсветки|да
Характеристики|Тормоз двигателя|есть
Характеристики|Тип патрона|быстрозажимной
Характеристики|Блокировка шпинделя|да
Характеристики|Размер зажимаемой оснастки, мм|0.8-10
Характеристики|Max крутящий момент , Нм|45
Характеристики|Жестк. вращ. момент, Нм|45
Характеристики|Мягк.вращ. момент, Нм|22
Характеристики|Число скоростей|2
Характеристики|Частота вращения шпинделя, об/мин|0-350/0-1350
Характеристики|Число ступеней крутящего момента|18+1
Характеристики|Max диаметр сверления (металл), мм|10
Характеристики|Мах диаметр сверления (дерево), мм|25
Характеристики|Тип аккумулятора|Li-Ion
Характеристики|Напряжение аккумулятора, В|14.4
Характеристики|Емкость аккумулятора, А*ч|1.5
Характеристики|Устройство аккумулятора|слайдер
Характеристики|Время заряда, ч|1
Характеристики|Количество аккумуляторов в комплекте|1
Характеристики|Габариты без упаковки, мм|360х300х120
Характеристики|Вес нетто, кг|1,1
";catalog/goods/stroitelnyj-instrument/shurupoverty/960874/1200x800/51987980.jpg,catalog/goods/stroitelnyj-instrument/shurupoverty/960874/1200x800/51987981.jpg,catalog/goods/stroitelnyj-instrument/shurupoverty/960874/1200x800/51987982.jpg,catalog/goods/stroitelnyj-instrument/shurupoverty/960874/1200x800/51987983.jpg,catalog/goods/stroitelnyj-instrument/shurupoverty/960874/1200x800/51987984.jpg,catalog/goods/stroitelnyj-instrument/shurupoverty/960874/1200x800/51987985.jpg,catalog/goods/stroitelnyj-instrument/shurupoverty/960874/1200x800/51987986.jpg,catalog/goods/stroitelnyj-instrument/shurupoverty/960874/1200x800/51987987.jpg,catalog/goods/stroitelnyj-instrument/shurupoverty/960874/1200x800/51987988.jpg,catalog/goods/stroitelnyj-instrument/shurupoverty/960874/1200x800/51987989.jpg,catalog/goods/stroitelnyj-instrument/shurupoverty/960874/1200x800/51987990.jpg,catalog/goods/stroitelnyj-instrument/shurupoverty/960874/1200x800/51987991.jpg,catalog/goods/stroitelnyj-instrument/shurupoverty/960874/1200x800/51987992.jpg;1;akkumuljatornaja-drel-shurupovert-zubr-master-da-144-2-li-km2
00000013193;ДА-12-2-Ли КНМ1;Аккумуляторная дрель-шуруповерт ЗУБР МАСТЕР ДА-12-2-Ли КНМ3;Инструменты|Электроинструмент|Дрели-шуруповерты;Инструменты|Электроинструмент|Дрели-шуруповерты;ЗУБР;"Аккумуляторная дрель-шуруповерт ЗУБР МАСТЕР ДА-12-2-Ли КНМ3 отличается компактными размерами, благодаря чему удобен при работе в труднодоступных местах. Применяется для сверления отверстий и откручивания/закручивания крепежа. В комплект входят 2 аккумулятора Li-Ion.
Мощный двигатель и особая конструкция редуктора обеспечивают высокий крутящий момент.
Быстрозажимной одномуфтовый патрон облегчает замену расходного инструмента.
Для дополнительной безопасности предусмотрен электронный тормоз двигателя.";"Характеристики|Тип|аккумуляторный
Характеристики|Тип двигателя|щеточный
Характеристики|Наличие удара|нет
Характеристики|Ленточные (магазинные)|нет
Характеристики|Наличие реверса|да
Характеристики|Наличие подсветки|да
Характеристики|Тормоз двигателя|есть
Характеристики|Тип патрона|быстрозажимной
Характеристики|Блокировка шпинделя|да
Характеристики|Размер зажимаемой оснастки, мм|0.8-10
Характеристики|Max крутящий момент , Нм|40
Характеристики|Жестк. вращ. момент, Нм|40
Характеристики|Мягк.вращ. момент, Нм|20
Характеристики|Число скоростей|2
Характеристики|Частота вращения шпинделя, об/мин|0-350/0-1350
Характеристики|Число ступеней крутящего момента|18+1
Характеристики|Max диаметр сверления (металл), мм|10
Характеристики|Мах диаметр сверления (дерево), мм|20
Характеристики|Тип аккумулятора|Li-Ion
Характеристики|Напряжение аккумулятора, В|12
Характеристики|Емкость аккумулятора, А*ч|1.5
Характеристики|Устройство аккумулятора|обойма
Характеристики|Время заряда, ч|1
Характеристики|Количество аккумуляторов в комплекте|2
Характеристики|Габариты без упаковки, мм|320x280x85
Характеристики|Вес нетто, кг|0,96
";catalog/goods/stroitelnyj-instrument/shurupoverty/960879/1200x800/51672161.jpg,catalog/goods/stroitelnyj-instrument/shurupoverty/960879/1200x800/51672162.jpg,catalog/goods/stroitelnyj-instrument/shurupoverty/960879/1200x800/51672163.jpg,catalog/goods/stroitelnyj-instrument/shurupoverty/960879/1200x800/51672164.jpg,catalog/goods/stroitelnyj-instrument/shurupoverty/960879/1200x800/51672165.jpg,catalog/goods/stroitelnyj-instrument/shurupoverty/960879/1200x800/51672166.jpg,catalog/goods/stroitelnyj-instrument/shurupoverty/960879/1200x800/51672167.jpg,catalog/goods/stroitelnyj-instrument/shurupoverty/960879/1200x800/51672168.jpg,catalog/goods/stroitelnyj-instrument/shurupoverty/960879/1200x800/51672169.jpg,catalog/goods/stroitelnyj-instrument/shurupoverty/960879/1200x800/51672170.jpg,catalog/goods/stroitelnyj-instrument/shurupoverty/960879/1200x800/51672171.jpg,catalog/goods/stroitelnyj-instrument/shurupoverty/960879/1200x800/51672172.jpg,catalog/goods/stroitelnyj-instrument/shurupoverty/960879/1200x800/51672173.jpg,catalog/goods/stroitelnyj-instrument/shurupoverty/960879/1200x800/51672174.jpg,catalog/goods/stroitelnyj-instrument/shurupoverty/960879/1200x800/51672175.jpg,catalog/goods/stroitelnyj-instrument/shurupoverty/960879/1200x800/51672176.jpg,catalog/goods/stroitelnyj-instrument/shurupoverty/960879/1200x800/51672177.jpg,catalog/goods/stroitelnyj-instrument/shurupoverty/960879/1200x800/51672178.jpg;1;akkumuljatornaja-drel-shurupovert-zubr-master-da-12-2-li-knm3
00000021381;CD-120-2;Дрель-шуруповерт STEHER 12В, 2 АКБ 2Ач CD-120-2;Инструменты|Электроинструмент|Дрели-шуруповерты;Инструменты|Электроинструмент|Дрели-шуруповерты;STEHER;"Дрель-шуруповерт STEHER 12В, 2 АКБ 2Ач CD-120-2 предназначен для сверления отверстий в различных материалах, для монтажа и демонтажа резьбовых соединений.
Функция блокировки шпинделя обеспечивает удобную замену инструмента в патроне одной рукой.
Регулировка частоты вращения помогает настроить дрель в зависимости от вида работ и применяемых материалов.
Для продолжительных работ без простоев в комплекте предусмотрено два аккумулятора.";"Характеристики|Тип|аккумуляторный
Характеристики|Тип двигателя|щеточный
Характеристики|Наличие удара|нет
Характеристики|Ленточные (магазинные)|нет
Характеристики|Наличие реверса|да
Характеристики|Наличие подсветки|да
Характеристики|Тип патрона|быстрозажимной
Характеристики|Блокировка шпинделя|да
Характеристики|Размер зажимаемой оснастки, мм|0.8-10
Характеристики|Max крутящий момент , Нм|30
Характеристики|Жестк. вращ. момент, Нм|30
Характеристики|Мягк.вращ. момент, Нм|15
Характеристики|Число скоростей|2
Характеристики|Частота вращения шпинделя, об/мин|0-350/0-1350
Характеристики|Число ступеней крутящего момента|18+1
Характеристики|Тип аккумулятора|Li-Ion
Характеристики|Напряжение аккумулятора, В|12
Характеристики|Емкость аккумулятора, А*ч|2
Характеристики|Устройство аккумулятора|обойма
Характеристики|Количество аккумуляторов в комплекте|2
Характеристики|Вес нетто, кг|1
";catalog/goods/stroitelnyj-instrument/shurupoverty/1894082/1200x800/53693210.jpg,catalog/goods/stroitelnyj-instrument/shurupoverty/1894082/1200x800/53693211.jpg,catalog/goods/stroitelnyj-instrument/shurupoverty/1894082/1200x800/53693212.jpg,catalog/goods/stroitelnyj-instrument/shurupoverty/1894082/1200x800/53693213.jpg,catalog/goods/stroitelnyj-instrument/shurupoverty/1894082/1200x800/53693214.jpg,catalog/goods/stroitelnyj-instrument/shurupoverty/1894082/1200x800/53693215.jpg,catalog/goods/stroitelnyj-instrument/shurupoverty/1894082/1200x800/53693216.jpg,catalog/goods/stroitelnyj-instrument/shurupoverty/1894082/1200x800/53693217.jpg,catalog/goods/stroitelnyj-instrument/shurupoverty/1894082/1200x800/53693218.jpg,catalog/goods/stroitelnyj-instrument/shurupoverty/1894082/1200x800/53693219.jpg;1;drel-shurupovert-steher-12v-2-akb-2ach-cd-120-2
00000021382;CD-160-2;Дрель-шуруповерт STEHER 16В, 2 АКБ 2Ач CD-160-2;Инструменты|Электроинструмент|Дрели-шуруповерты;Инструменты|Электроинструмент|Дрели-шуруповерты;STEHER;"Дрель-шуруповерт STEHER 16В, 2 АКБ 2Ач CD-160-2 предназначен для сверления отверстий в различных материалах, для монтажа и демонтажа резьбовых соединений.
Блокировка шпинделя, фиксирующая патрон от проворачивания, обеспечивает удобную замену инструмента в патроне одной рукой.
Наличие 18+1 положений крутящего момента позволяет выбирать максимальный момент затяжки крепежных изделий в зависимости от вида работ и применяемых материалов.
Для продолжительных работ, работ без простоев в комплекте предусмотрено два аккумулятора.";"Характеристики|Тип|аккумуляторный
Характеристики|Тип двигателя|щеточный
Характеристики|Наличие удара|нет
Характеристики|Ленточные (магазинные)|нет
Характеристики|Наличие реверса|да
Характеристики|Наличие подсветки|да
Характеристики|Тип патрона|быстрозажимной
Характеристики|Блокировка шпинделя|да
Характеристики|Размер зажимаемой оснастки, мм|0.8-10
Характеристики|Max крутящий момент , Нм|35
Характеристики|Жестк. вращ. момент, Нм|35
Характеристики|Мягк.вращ. момент, Нм|18
Характеристики|Число скоростей|2
Характеристики|Частота вращения шпинделя, об/мин|0-350/0-1350
Характеристики|Число ступеней крутящего момента|18+1
Характеристики|Тип аккумулятора|Li-Ion
Характеристики|Напряжение аккумулятора, В|16
Характеристики|Емкость аккумулятора, А*ч|2
Характеристики|Устройство аккумулятора|слайдер
Характеристики|Количество аккумуляторов в комплекте|2
Характеристики|Вес нетто, кг|1,1
";catalog/goods/stroitelnyj-instrument/shurupoverty/1894074/1200x800/53693172.jpg,catalog/goods/stroitelnyj-instrument/shurupoverty/1894074/1200x800/53693173.jpg,catalog/goods/stroitelnyj-instrument/shurupoverty/1894074/1200x800/53693174.jpg,catalog/goods/stroitelnyj-instrument/shurupoverty/1894074/1200x800/53693175.jpg,catalog/goods/stroitelnyj-instrument/shurupoverty/1894074/1200x800/53693176.jpg,catalog/goods/stroitelnyj-instrument/shurupoverty/1894074/1200x800/53693177.jpg,catalog/goods/stroitelnyj-instrument/shurupoverty/1894074/1200x800/53693178.jpg,catalog/goods/stroitelnyj-instrument/shurupoverty/1894074/1200x800/53693179.jpg,catalog/goods/stroitelnyj-instrument/shurupoverty/1894074/1200x800/53693180.jpg,catalog/goods/stroitelnyj-instrument/shurupoverty/1894074/1200x800/53693181.jpg;1;drel-shurupovert-steher-16v-2-akb-2ach-cd-160-2
00000021383;CD-200-2;Ударная дрель-шуруповерт STEHER 20В, 2 АКБ 2Ач CDS-200-2;Инструменты|Электроинструмент|Дрели-шуруповерты;Инструменты|Электроинструмент|Дрели-шуруповерты;STEHER;"Ударная дрель-шуруповерт STEHER 20В, 2 АКБ 2Ач CDS-200-2 предназначена для сверления (в том числе ударного) отверстий в различных материалах, а также для монтажа, демонтажа резьбовых соединений.
Функция блокировки шпинделя обеспечивает удобную замену инструмента в патроне.
Регулировка частоты вращения помогает оптимально настроить дрель в зависимости от вида работ.
Для продолжительных работ без простоев в комплекте предусмотрено два аккумулятора.";"Характеристики|Тип|аккумуляторный
Характеристики|Тип двигателя|щеточный
Характеристики|Наличие удара|есть
Характеристики|Тип удара|осевой
Характеристики|Ленточные (магазинные)|нет
Характеристики|Наличие реверса|да
Характеристики|Наличие подсветки|да
Характеристики|Тормоз двигателя|есть
Характеристики|Тип патрона|быстрозажимной
Характеристики|Крепление патрона|3/8
Характеристики|Блокировка шпинделя|да
Характеристики|Размер зажимаемой оснастки, мм|0.8-10
Характеристики|Max крутящий момент , Нм|40
Характеристики|Жестк. вращ. момент, Нм|40
Характеристики|Мягк.вращ. момент, Нм|20
Характеристики|Число ступеней крутящего момента|21+1
Характеристики|Число скоростей|2
Характеристики|Частота вращения шпинделя, об/мин|0-350/0-1350
Характеристики|Мах диаметр сверления (дерево), мм|20
Характеристики|Max диаметр сверления (металл), мм|10
Характеристики|Тип аккумулятора|Li-Ion
Характеристики|Напряжение аккумулятора, В|20
Характеристики|Емкость аккумулятора, А*ч|2
Характеристики|Устройство аккумулятора|слайдер
Характеристики|Время заряда, ч|1.5-2.0
Характеристики|Количество аккумуляторов в комплекте|2
Характеристики|Вес нетто, кг|1,2
Характеристики|Габариты без упаковки, мм|365x300x115
";catalog/goods/stroitelnyj-instrument/shurupoverty/1833471/1200x800/53536427.jpg,catalog/goods/stroitelnyj-instrument/shurupoverty/1833471/1200x800/53536428.jpg,catalog/goods/stroitelnyj-instrument/shurupoverty/1833471/1200x800/53536429.jpg,catalog/goods/stroitelnyj-instrument/shurupoverty/1833471/1200x800/53536430.jpg,catalog/goods/stroitelnyj-instrument/shurupoverty/1833471/1200x800/53536431.jpg,catalog/goods/stroitelnyj-instrument/shurupoverty/1833471/1200x800/53536432.jpg,catalog/goods/stroitelnyj-instrument/shurupoverty/1833471/1200x800/53536434.jpg,catalog/goods/stroitelnyj-instrument/shurupoverty/1833471/1200x800/53536433.jpg,catalog/goods/stroitelnyj-instrument/shurupoverty/1833471/1200x800/53576654.jpg,catalog/goods/stroitelnyj-instrument/shurupoverty/1833471/1200x800/53576655.jpg,catalog/goods/stroitelnyj-instrument/shurupoverty/1833471/1200x800/53576656.jpg,catalog/goods/stroitelnyj-instrument/shurupoverty/1833471/1200x800/53576657.jpg,catalog/goods/stroitelnyj-instrument/shurupoverty/1833471/1200x800/53576658.jpg,catalog/goods/stroitelnyj-instrument/shurupoverty/1833471/1200x800/53576659.jpg,catalog/goods/stroitelnyj-instrument/shurupoverty/1833471/1200x800/53576913.jpg,catalog/goods/stroitelnyj-instrument/shurupoverty/1833471/1200x800/53536435.jpg,catalog/goods/stroitelnyj-instrument/shurupoverty/1833471/1200x800/53536436.jpg,catalog/goods/stroitelnyj-instrument/shurupoverty/1833471/1200x800/53576914.jpg,catalog/goods/stroitelnyj-instrument/shurupoverty/1833471/1200x800/53576915.jpg;1;udarnaja-drel-shurupovert-steher-20v-2-akb-2ach-cds-200-2
00000021384;CDS-200-2;Ударная дрель-шуруповерт STEHER 20В, 2 АКБ 2Ач CDS-200-2;Инструменты|Электроинструмент|Дрели-шуруповерты;Инструменты|Электроинструмент|Дрели-шуруповерты;STEHER;"Ударная дрель-шуруповерт STEHER 20В, 2 АКБ 2Ач CDS-200-2 предназначена для сверления (в том числе ударного) отверстий в различных материалах, а также для монтажа, демонтажа резьбовых соединений.
Функция блокировки шпинделя обеспечивает удобную замену инструмента в патроне.
Регулировка частоты вращения помогает оптимально настроить дрель в зависимости от вида работ.
Для продолжительных работ без простоев в комплекте предусмотрено два аккумулятора.";"Характеристики|Тип|аккумуляторный
Характеристики|Тип двигателя|щеточный
Характеристики|Наличие удара|есть
Характеристики|Тип удара|осевой
Характеристики|Ленточные (магазинные)|нет
Характеристики|Наличие реверса|да
Характеристики|Наличие подсветки|да
Характеристики|Тормоз двигателя|есть
Характеристики|Тип патрона|быстрозажимной
Характеристики|Крепление патрона|3/8
Характеристики|Блокировка шпинделя|да
Характеристики|Размер зажимаемой оснастки, мм|0.8-10
Характеристики|Max крутящий момент , Нм|40
Характеристики|Жестк. вращ. момент, Нм|40
Характеристики|Мягк.вращ. момент, Нм|20
Характеристики|Число ступеней крутящего момента|21+1
Характеристики|Число скоростей|2
Характеристики|Частота вращения шпинделя, об/мин|0-350/0-1350
Характеристики|Мах диаметр сверления (дерево), мм|20
Характеристики|Max диаметр сверления (металл), мм|10
Характеристики|Тип аккумулятора|Li-Ion
Характеристики|Напряжение аккумулятора, В|20
Характеристики|Емкость аккумулятора, А*ч|2
Характеристики|Устройство аккумулятора|слайдер
Характеристики|Время заряда, ч|1.5-2.0
Характеристики|Количество аккумуляторов в комплекте|2
Характеристики|Вес нетто, кг|1,2
Характеристики|Габариты без упаковки, мм|365x300x115
";catalog/goods/stroitelnyj-instrument/shurupoverty/1833471/1200x800/53536427.jpg,catalog/goods/stroitelnyj-instrument/shurupoverty/1833471/1200x800/53536428.jpg,catalog/goods/stroitelnyj-instrument/shurupoverty/1833471/1200x800/53536429.jpg,catalog/goods/stroitelnyj-instrument/shurupoverty/1833471/1200x800/53536430.jpg,catalog/goods/stroitelnyj-instrument/shurupoverty/1833471/1200x800/53536431.jpg,catalog/goods/stroitelnyj-instrument/shurupoverty/1833471/1200x800/53536432.jpg,catalog/goods/stroitelnyj-instrument/shurupoverty/1833471/1200x800/53536434.jpg,catalog/goods/stroitelnyj-instrument/shurupoverty/1833471/1200x800/53536433.jpg,catalog/goods/stroitelnyj-instrument/shurupoverty/1833471/1200x800/53576654.jpg,catalog/goods/stroitelnyj-instrument/shurupoverty/1833471/1200x800/53576655.jpg,catalog/goods/stroitelnyj-instrument/shurupoverty/1833471/1200x800/53576656.jpg,catalog/goods/stroitelnyj-instrument/shurupoverty/1833471/1200x800/53576657.jpg,catalog/goods/stroitelnyj-instrument/shurupoverty/1833471/1200x800/53576658.jpg,catalog/goods/stroitelnyj-instrument/shurupoverty/1833471/1200x800/53576659.jpg,catalog/goods/stroitelnyj-instrument/shurupoverty/1833471/1200x800/53576913.jpg,catalog/goods/stroitelnyj-instrument/shurupoverty/1833471/1200x800/53536435.jpg,catalog/goods/stroitelnyj-instrument/shurupoverty/1833471/1200x800/53536436.jpg,catalog/goods/stroitelnyj-instrument/shurupoverty/1833471/1200x800/53576914.jpg,catalog/goods/stroitelnyj-instrument/shurupoverty/1833471/1200x800/53576915.jpg;1;udarnaja-drel-shurupovert-steher-20v-2-akb-2ach-cds-200-2
00000015150;ДШЛ-125-22;Дрель-шуруповерт ЗУБР ДШЛ-125-22;Инструменты|Электроинструмент|Дрели-шуруповерты;Инструменты|Электроинструмент|Дрели-шуруповерты;ЗУБР;"Дрель-шуруповерт ЗУБР ДШЛ-125-22 предназначена для сверления отверстий в различных материалах (при установке сверла) и для монтажа/демонтажа резьбовых соединений (при установке соответствующих бит и головок).
Высокий крутящий момент позволяет использовать инструмент для широкого спектра крепежа вплоть до 6 мм.
Бесключевой одномуфтовый патрон обеспечивает высокую скорость замены расходного инструмента.
Электронный тормоз двигателя исключает выбег при остановке.
Рукоятка с противоскользящей накладкой помогает лучше контролировать инструмент в процессе работы.
Два аккумулятора в комплекте способствуют продолжительной работе без простоев.";"Характеристики|Тип|аккумуляторный
Характеристики|Тип двигателя|щеточный
Характеристики|Наличие удара|нет
Характеристики|Ленточные (магазинные)|нет
Характеристики|Наличие реверса|да
Характеристики|Наличие подсветки|да
Характеристики|Тормоз двигателя|есть
Характеристики|Тип патрона|быстрозажимной
Характеристики|Блокировка шпинделя|да
Характеристики|Размер зажимаемой оснастки, мм|0.8-10
Характеристики|Max крутящий момент , Нм|30
Характеристики|Жестк. вращ. момент, Нм|30
Характеристики|Мягк.вращ. момент, Нм|12
Характеристики|Число скоростей|2
Характеристики|Частота вращения шпинделя, об/мин|0-350/0-1300
Характеристики|Число ступеней крутящего момента|19+1
Характеристики|Max диаметр шурупа, мм|6
Характеристики|Max диаметр сверления (металл), мм|10
Характеристики|Мах диаметр сверления (дерево), мм|21
Характеристики|Тип аккумулятора|Li-Ion
Характеристики|Напряжение аккумулятора, В|12
Характеристики|Емкость аккумулятора, А*ч|2
Характеристики|Устройство аккумулятора|обойма
Характеристики|Время заряда, ч|1
Характеристики|Количество аккумуляторов в комплекте|2
Характеристики|Габариты без упаковки, мм|275x242x82
Характеристики|Вес нетто, кг|1
";catalog/goods/stroitelnyj-instrument/shurupoverty/1783920/1200x800/53568144.jpg,catalog/goods/stroitelnyj-instrument/shurupoverty/1783920/1200x800/53568145.jpg,catalog/goods/stroitelnyj-instrument/shurupoverty/1783920/1200x800/53568146.jpg,catalog/goods/stroitelnyj-instrument/shurupoverty/1783920/1200x800/53568147.jpg,catalog/goods/stroitelnyj-instrument/shurupoverty/1783920/1200x800/53568148.jpg,catalog/goods/stroitelnyj-instrument/shurupoverty/1783920/1200x800/53568149.jpg,catalog/goods/stroitelnyj-instrument/shurupoverty/1783920/1200x800/53568150.jpg,catalog/goods/stroitelnyj-instrument/shurupoverty/1783920/1200x800/53568151.jpg;1;drel-shurupovert-zubr-dshl-125-22
00000015151;ДШЛ-145-22;Дрель-шуруповер ЗУБР ДШЛ-145-22;Инструменты|Электроинструмент|Дрели-шуруповерты;Инструменты|Электроинструмент|Дрели-шуруповерты;ЗУБР;"Дрель-шуруповер ЗУБР ДШЛ-145-22 применяется для сверления отверстий в различных материалах (при установке сверла) и для монтажа/демонтажа резьбовых соединений (при установке соответствующих бит и головок).
Благодаря конструкции редуктора инструмент имеет высокий крутящий момент при широком диапазоне оборотов.
Быстрозажимной патрон обеспечивает простую смену оснастки.
Электронный тормоз двигателя исключает выбег при остановке.
Два аккумулятора в комплекте способствуют продолжительной работе без простоев.
Подсветка рабочего места создает дополнительный комфорт при работе в условиях слабого освещения.";"Характеристики|Тип|аккумуляторный
Характеристики|Тип двигателя|щеточный
Характеристики|Наличие удара|нет
Характеристики|Ленточные (магазинные)|нет
Характеристики|Наличие реверса|да
Характеристики|Наличие подсветки|да
Характеристики|Тормоз двигателя|есть
Характеристики|Тип патрона|быстрозажимной
Характеристики|Блокировка шпинделя|да
Характеристики|Размер зажимаемой оснастки, мм|2-13
Характеристики|Max крутящий момент , Нм|35
Характеристики|Жестк. вращ. момент, Нм|35
Характеристики|Число скоростей|2
Характеристики|Частота вращения шпинделя, об/мин|0-400/0-1400
Характеристики|Число ступеней крутящего момента|25+1
Характеристики|Max диаметр шурупа, мм|6
Характеристики|Max диаметр сверления (металл), мм|10
Характеристики|Мах диаметр сверления (дерево), мм|25
Характеристики|Тип аккумулятора|Li-Ion
Характеристики|Напряжение аккумулятора, В|14.4
Характеристики|Емкость аккумулятора, А*ч|2
Характеристики|Устройство аккумулятора|слайдер
Характеристики|Время заряда, ч|1
Характеристики|Количество аккумуляторов в комплекте|2
Характеристики|Габариты без упаковки, мм|280x285x115
Характеристики|Вес нетто, кг|1,1
";catalog/goods/stroitelnyj-instrument/shurupoverty/1783924/1200x800/53568176.jpg,catalog/goods/stroitelnyj-instrument/shurupoverty/1783924/1200x800/53568178.jpg,catalog/goods/stroitelnyj-instrument/shurupoverty/1783924/1200x800/53568177.jpg,catalog/goods/stroitelnyj-instrument/shurupoverty/1783924/1200x800/53568175.jpg,catalog/goods/stroitelnyj-instrument/shurupoverty/1783924/1200x800/53568181.jpg,catalog/goods/stroitelnyj-instrument/shurupoverty/1783924/1200x800/53568182.jpg,catalog/goods/stroitelnyj-instrument/shurupoverty/1783924/1200x800/53568183.jpg,catalog/goods/stroitelnyj-instrument/shurupoverty/1783924/1200x800/53568179.jpg,catalog/goods/stroitelnyj-instrument/shurupoverty/1783924/1200x800/53568180.jpg,catalog/goods/stroitelnyj-instrument/shurupoverty/1783924/1200x800/53809820.jpg,catalog/goods/stroitelnyj-instrument/shurupoverty/1783924/1200x800/53809821.jpg,catalog/goods/stroitelnyj-instrument/shurupoverty/1783924/1200x800/53809822.jpg,catalog/goods/stroitelnyj-instrument/shurupoverty/1783924/1200x800/53809823.jpg,catalog/goods/stroitelnyj-instrument/shurupoverty/1783924/1200x800/53809824.jpg,catalog/goods/stroitelnyj-instrument/shurupoverty/1783924/1200x800/53809825.jpg;1;drel-shurupover-zubr-dshl-145-22
00000015153;ДШЛ-185-22;Дрель-шуруповерт ЗУБР ДШЛ-185-22;Инструменты|Электроинструмент|Дрели-шуруповерты;Инструменты|Электроинструмент|Дрели-шуруповерты;ЗУБР;"Дрель-шуруповерт ЗУБР ДШЛ-185-22 используется для сверления отверстий в различных материалах (при установке сверла) и для монтажа/демонтажа резьбовых соединений (при установке соответствующих бит и головок).
Двухскоростной планетарный редуктор позволяет заворачивать с большим крутящим моментом и сверлить на высоких оборотах.
Бесключевой одномуфтовый патрон обеспечивает простую и быструю замену расходного инструмента.
Рукоятка с противоскользящей накладкой способствует лучшему контролю инструмента.
Для того чтобы биты были всегда под рукой, в корпус встроен магнитный держатель.
Дополнительный аккумулятор в комплекте помогает работать продолжительное время без перерывов.";"Характеристики|Тип|аккумуляторный
Характеристики|Тип двигателя|щеточный
Характеристики|Наличие удара|нет
Характеристики|Ленточные (магазинные)|нет
Характеристики|Наличие реверса|да
Характеристики|Наличие подсветки|да
Характеристики|Тормоз двигателя|есть
Характеристики|Тип патрона|быстрозажимной
Характеристики|Блокировка шпинделя|да
Характеристики|Размер зажимаемой оснастки, мм|2-13
Характеристики|Max крутящий момент , Нм|40
Характеристики|Жестк. вращ. момент, Нм|40
Характеристики|Число скоростей|2
Характеристики|Частота вращения шпинделя, об/мин|0-400/0-1400
Характеристики|Число ступеней крутящего момента|25+1
Характеристики|Max диаметр шурупа, мм|6
Характеристики|Max диаметр сверления (металл), мм|12
Характеристики|Мах диаметр сверления (дерево), мм|28
Характеристики|Тип аккумулятора|Li-Ion
Характеристики|Напряжение аккумулятора, В|18
Характеристики|Емкость аккумулятора, А*ч|2
Характеристики|Устройство аккумулятора|слайдер
Характеристики|Время заряда, ч|1
Характеристики|Количество аккумуляторов в комплекте|2
Характеристики|Габариты без упаковки, мм|280x285x115
Характеристики|Вес нетто, кг|1,2
";catalog/goods/stroitelnyj-instrument/shurupoverty/1783953/1200x800/53568167.jpg,catalog/goods/stroitelnyj-instrument/shurupoverty/1783953/1200x800/53568168.jpg,catalog/goods/stroitelnyj-instrument/shurupoverty/1783953/1200x800/53568169.jpg,catalog/goods/stroitelnyj-instrument/shurupoverty/1783953/1200x800/53568166.jpg,catalog/goods/stroitelnyj-instrument/shurupoverty/1783953/1200x800/53568172.jpg,catalog/goods/stroitelnyj-instrument/shurupoverty/1783953/1200x800/53568173.jpg,catalog/goods/stroitelnyj-instrument/shurupoverty/1783953/1200x800/53568174.jpg,catalog/goods/stroitelnyj-instrument/shurupoverty/1783953/1200x800/53568170.jpg,catalog/goods/stroitelnyj-instrument/shurupoverty/1783953/1200x800/53568171.jpg,catalog/goods/stroitelnyj-instrument/shurupoverty/1783953/1200x800/53809857.jpg,catalog/goods/stroitelnyj-instrument/shurupoverty/1783953/1200x800/53809858.jpg,catalog/goods/stroitelnyj-instrument/shurupoverty/1783953/1200x800/53809859.jpg,catalog/goods/stroitelnyj-instrument/shurupoverty/1783953/1200x800/53809860.jpg,catalog/goods/stroitelnyj-instrument/shurupoverty/1783953/1200x800/53809861.jpg,catalog/goods/stroitelnyj-instrument/shurupoverty/1783953/1200x800/53809862.jpg,catalog/goods/stroitelnyj-instrument/shurupoverty/1783953/1200x800/53809863.jpg,catalog/goods/stroitelnyj-instrument/shurupoverty/1783953/1200x800/53809864.jpg,catalog/goods/stroitelnyj-instrument/shurupoverty/1783953/1200x800/53809865.jpg,catalog/goods/stroitelnyj-instrument/shurupoverty/1783953/1200x800/53809866.jpg;1;drel-shurupovert-zubr-dshl-185-22
00000015235;ДШ-М1-400;Сетевая дрель-шуруповерт ЗУБР 400 Вт ДШ-М1-400;Инструменты|Электроинструмент|Дрели-шуруповерты;Инструменты|Электроинструмент|Дрели-шуруповерты;ЗУБР;"Сетевая дрель-шуруповерт Зубр ДШ-М1-400 применяется для заворачивания/откручивания крепежных элементов. При установке сверла возможно сверление в древесине и металле.
Односкоростной редуктор обеспечивает высокий крутящий момент и надежность в эксплуатации.
Благодаря ограничительной муфте момента затяжки исключено развальцовывание шлицов и порча материала.
Быстрозажимной патрон позволяет легко и быстро менять оснастку.
Подсветка оптимально освещает рабочую зону в затемненных помещениях.";"Характеристики|Тип|сетевой
Характеристики|Мощность, Вт|400
Характеристики|Тип двигателя|щеточный
Характеристики|Ленточные (магазинные)|нет
Характеристики|Наличие подсветки|да
Характеристики|Наличие реверса|да
Характеристики|Тип патрона|быстрозажимной
Характеристики|Блокировка шпинделя|нет
Характеристики|Размер зажимаемой оснастки, мм|0.8-10
Характеристики|Число скоростей|1
Характеристики|Регулировка частоты вращения|есть
Характеристики|Наличие удара|нет
Характеристики|Регулировка глубины завинчивания|нет
Характеристики|Max диаметр шурупа, мм|10
Характеристики|Max крутящий момент , Нм|28
Характеристики|Max диаметр сверления (металл), мм|10
Характеристики|Мах диаметр сверления (дерево), мм|25
Характеристики|Габариты без упаковки, мм|270x265x85
Характеристики|Вес нетто, кг|1,26
Характеристики|Частота вращения шпинделя, об/мин|0-750
Характеристики|Число ступеней крутящего момента|19+1
Характеристики|Жестк. вращ. момент, Нм|28
Характеристики|Мягк.вращ. момент, Нм|14
Характеристики|Длина кабеля, м|2
";catalog/goods/stroitelnyj-instrument/shurupoverty/1147073/1200x800/52355787.jpg,catalog/goods/stroitelnyj-instrument/shurupoverty/1147073/1200x800/65033976.jpg,catalog/goods/stroitelnyj-instrument/shurupoverty/1147073/1200x800/52355788.jpg,catalog/goods/stroitelnyj-instrument/shurupoverty/1147073/1200x800/52355789.jpg,catalog/goods/stroitelnyj-instrument/shurupoverty/1147073/1200x800/52355790.jpg,catalog/goods/stroitelnyj-instrument/shurupoverty/1147073/1200x800/52355791.jpg,catalog/goods/stroitelnyj-instrument/shurupoverty/1147073/1200x800/52355792.jpg,catalog/goods/stroitelnyj-instrument/shurupoverty/1147073/1200x800/52355793.jpg,catalog/goods/stroitelnyj-instrument/shurupoverty/1147073/1200x800/52355794.jpg,catalog/goods/stroitelnyj-instrument/shurupoverty/1147073/1200x800/52355795.jpg,catalog/goods/stroitelnyj-instrument/shurupoverty/1147073/1200x800/52355799.jpg,catalog/goods/stroitelnyj-instrument/shurupoverty/1147073/1200x800/52355796.jpg,catalog/goods/stroitelnyj-instrument/shurupoverty/1147073/1200x800/52355797.jpg,catalog/goods/stroitelnyj-instrument/shurupoverty/1147073/1200x800/52355798.jpg;1;setevaja-drel-shurupovert-zubr-400-vt-dsh-m1-400
00000015233;ДШ-М1-400-2;Сетевая дрель-шуруповерт ЗУБР 400 Вт ДШ-М1-400-2;Инструменты|Электроинструмент|Дрели-шуруповерты;Инструменты|Электроинструмент|Дрели-шуруповерты;ЗУБР;"Сетевая дрель-шуруповерт ЗУБР ДШ-М1-400-2 служит для заворачивания/выкручивания шурупов, винтов и саморезов, а так же сверления отверстий. Характеризуется широкой функциональностью и простотой в работе.
Двухскоростной редуктор обеспечивает высокий крутящий момент и значительную частоту вращения.
Подсветка оптимально освещает рабочую зону при эксплуатации инструмента в затемненных помещениях.
Ограничительная муфта крутящего момента препятствует развальцовыванию шлицов и порче материала.
Сетевой кабель длиной 3 метра позволяет работать вдали от розетки.";"Характеристики|Тип|сетевой
Характеристики|Мощность, Вт|400
Характеристики|Тип двигателя|щеточный
Характеристики|Ленточные (магазинные)|нет
Характеристики|Наличие подсветки|да
Характеристики|Наличие реверса|да
Характеристики|Тип патрона|быстрозажимной
Характеристики|Блокировка шпинделя|нет
Характеристики|Размер зажимаемой оснастки, мм|0.8-10
Характеристики|Число скоростей|2
Характеристики|Регулировка частоты вращения|есть
Характеристики|Наличие удара|нет
Характеристики|Регулировка глубины завинчивания|нет
Характеристики|Max крутящий момент , Нм|40
Характеристики|Max диаметр сверления (металл), мм|10
Характеристики|Габариты без упаковки, мм|270x265x85
Характеристики|Вес нетто, кг|1,26
Характеристики|Частота вращения шпинделя, об/мин|0-450/0-1800
Характеристики|Число ступеней крутящего момента|19+1
Характеристики|Жестк. вращ. момент, Нм|40
Характеристики|Мягк.вращ. момент, Нм|20
Характеристики|Длина кабеля, м|3
";catalog/goods/stroitelnyj-instrument/shurupoverty/1107745/1200x800/51492650.jpg,catalog/goods/stroitelnyj-instrument/shurupoverty/1107745/1200x800/65034264.jpg,catalog/goods/stroitelnyj-instrument/shurupoverty/1107745/1200x800/51492651.jpg,catalog/goods/stroitelnyj-instrument/shurupoverty/1107745/1200x800/51492652.jpg,catalog/goods/stroitelnyj-instrument/shurupoverty/1107745/1200x800/51492653.jpg,catalog/goods/stroitelnyj-instrument/shurupoverty/1107745/1200x800/51492654.jpg,catalog/goods/stroitelnyj-instrument/shurupoverty/1107745/1200x800/51492655.jpg,catalog/goods/stroitelnyj-instrument/shurupoverty/1107745/1200x800/51492656.jpg,catalog/goods/stroitelnyj-instrument/shurupoverty/1107745/1200x800/51492657.jpg,catalog/goods/stroitelnyj-instrument/shurupoverty/1107745/1200x800/51492658.jpg,catalog/goods/stroitelnyj-instrument/shurupoverty/1107745/1200x800/51492659.jpg,catalog/goods/stroitelnyj-instrument/shurupoverty/1107745/1200x800/51492663.jpg,catalog/goods/stroitelnyj-instrument/shurupoverty/1107745/1200x800/51492662.jpg,catalog/goods/stroitelnyj-instrument/shurupoverty/1107745/1200x800/51492661.jpg,catalog/goods/stroitelnyj-instrument/shurupoverty/1107745/1200x800/51492664.jpg,catalog/goods/stroitelnyj-instrument/shurupoverty/1107745/1200x800/51492660.jpg;1;setevaja-drel-shurupovert-zubr-400-vt-dsh-m1-400-2
00000016181;ДШ-М3-500-2;Сетевая дрель-шуруповерт ЗУБР ДШ-М3-500-2;Инструменты|Электроинструмент|Дрели-шуруповерты;Инструменты|Электроинструмент|Дрели-шуруповерты;ЗУБР;"Сетевая дрель-шуруповерт ЗУБР ДШ-М3-500-2 служит для заворачивания/выкручивания шурупов, винтов и саморезов, а также сверления отверстий. Характеризуется широкой функциональностью и простотой в работе.
Подсветка оптимально освещает рабочую зону при эксплуатации инструмента при плохом освещении.
Благодаря длинному кабелю можно дотянутся до любой точки на рабочей площадке";"Характеристики|Тип|сетевой
Характеристики|Мощность, Вт|500
Характеристики|Тип двигателя|щеточный
Характеристики|Ленточные (магазинные)|нет
Характеристики|Наличие подсветки|да
Характеристики|Наличие реверса|да
Характеристики|Тип патрона|быстрозажимной
Характеристики|Блокировка шпинделя|да
Характеристики|Размер зажимаемой оснастки, мм|1.5-13
Характеристики|Число скоростей|2
Характеристики|Регулировка частоты вращения|есть
Характеристики|Наличие удара|нет
Характеристики|Регулировка глубины завинчивания|нет
Характеристики|Max крутящий момент , Нм|45
Характеристики|Габариты без упаковки, мм|265x75x245
Характеристики|Вес нетто, кг|1,6
Характеристики|Частота вращения шпинделя, об/мин|0-500/0-1800
Характеристики|Число ступеней крутящего момента|21+1
Характеристики|Жестк. вращ. момент, Нм|45
Характеристики|Мягк.вращ. момент, Нм|23
Характеристики|Длина кабеля, м|5
";catalog/goods/stroitelnyj-instrument/shurupoverty/1282829/1200x800/51975737.jpg,catalog/goods/stroitelnyj-instrument/shurupoverty/1282829/1200x800/65034270.jpg,catalog/goods/stroitelnyj-instrument/shurupoverty/1282829/1200x800/51975747.jpg,catalog/goods/stroitelnyj-instrument/shurupoverty/1282829/1200x800/51975744.jpg,catalog/goods/stroitelnyj-instrument/shurupoverty/1282829/1200x800/51975746.jpg,catalog/goods/stroitelnyj-instrument/shurupoverty/1282829/1200x800/51975743.jpg,catalog/goods/stroitelnyj-instrument/shurupoverty/1282829/1200x800/51975745.jpg,catalog/goods/stroitelnyj-instrument/shurupoverty/1282829/1200x800/51975738.jpg,catalog/goods/stroitelnyj-instrument/shurupoverty/1282829/1200x800/51975742.jpg,catalog/goods/stroitelnyj-instrument/shurupoverty/1282829/1200x800/51975739.jpg,catalog/goods/stroitelnyj-instrument/shurupoverty/1282829/1200x800/51975741.jpg,catalog/goods/stroitelnyj-instrument/shurupoverty/1282829/1200x800/51975740.jpg,catalog/goods/stroitelnyj-instrument/shurupoverty/1282829/1200x800/52623032.jpg,catalog/goods/stroitelnyj-instrument/shurupoverty/1282829/1200x800/52623029.jpg;1;setevaja-drel-shurupovert-zubr-dsh-m3-500-2
00000001703;26101;Аккумуляторная дрель-шуруповерт DENZEL CDL-12-02 26101;Инструменты|Электроинструмент|Дрели-шуруповерты;Инструменты|Электроинструмент|Дрели-шуруповерты;Denzel;"Аккумуляторная дрель-шуруповерт DENZEL CDL-12-02 26101 используется в строительных и монтажных работах с целью закручивания винтов, шурупов, а также сверления.
Наличие функции реверса позволяет работать со сложными материалами.
Инструмент оснащен быстрозажимным патроном, благодаря чему смена оснастки занимает минимум времени.
Для работы в затемненных помещениях имеется встроенная подсветка.
Инструмент комфортно хранить и транспортировать благодаря кейсу.";"Характеристики|Тип|аккумуляторный
Характеристики|Тип двигателя|щеточный
Характеристики|Наличие удара|нет
Характеристики|Ленточные (магазинные)|нет
Характеристики|Наличие реверса|да
Характеристики|Наличие подсветки|да
Характеристики|Тормоз двигателя|есть
Характеристики|Тип патрона|быстрозажимной
Характеристики|Крепление патрона|1/2
Характеристики|Блокировка шпинделя|да
Характеристики|Размер зажимаемой оснастки, мм|0.8-10
Характеристики|Max крутящий момент , Нм|15
Характеристики|Жестк. вращ. момент, Нм|15
Характеристики|Мягк.вращ. момент, Нм|8
Характеристики|Число скоростей|2
Характеристики|Частота вращения шпинделя, об/мин|0-400/0-1500
Характеристики|Число ступеней крутящего момента|21+1
Характеристики|Max диаметр сверления (металл), мм|6
Характеристики|Мах диаметр сверления (дерево), мм|12
Характеристики|Тип аккумулятора|Li-Ion
Характеристики|Напряжение аккумулятора, В|12
Характеристики|Емкость аккумулятора, А*ч|1.5
Характеристики|Устройство аккумулятора|слайдер
Характеристики|Время заряда, ч|1
Характеристики|Количество аккумуляторов в комплекте|2
Характеристики|Габариты без упаковки, мм|190х200х80
Характеристики|Вес нетто, кг|1,8
";catalog/goods/stroitelnyj-instrument/shurupoverty/1211330/1200x800/53987128.jpg,catalog/goods/stroitelnyj-instrument/shurupoverty/1211330/1200x800/51428911.jpg,catalog/goods/stroitelnyj-instrument/shurupoverty/1211330/1200x800/51428912.jpg,catalog/goods/stroitelnyj-instrument/shurupoverty/1211330/1200x800/51428913.jpg,catalog/goods/stroitelnyj-instrument/shurupoverty/1211330/1200x800/51428914.jpg,catalog/goods/stroitelnyj-instrument/shurupoverty/1211330/1200x800/51428915.jpg,catalog/goods/stroitelnyj-instrument/shurupoverty/1211330/1200x800/51428916.jpg,catalog/goods/stroitelnyj-instrument/shurupoverty/1211330/1200x800/51428917.jpg,catalog/goods/stroitelnyj-instrument/shurupoverty/1211330/1200x800/51428918.jpg,catalog/goods/stroitelnyj-instrument/shurupoverty/1211330/1200x800/51428919.jpg,catalog/goods/stroitelnyj-instrument/shurupoverty/1211330/1200x800/51428920.jpg,catalog/goods/stroitelnyj-instrument/shurupoverty/1211330/1200x800/51428921.jpg,catalog/goods/stroitelnyj-instrument/shurupoverty/1211330/1200x800/51428922.jpg;1;akkumuljatornaja-drel-shurupovert-denzel-cdl-12-02-26101
00000000799;26112;Аккумуляторная дрель-шуруповерт DENZEL CDL-IB-14-02 26112;Инструменты|Электроинструмент|Дрели-шуруповерты;Инструменты|Электроинструмент|Дрели-шуруповерты;Denzel;"Аккумуляторная дрель-шуруповерт DENZEL CDL-IB-14-02 26112 предназначена для вкручивания винтов, шурупов и сверления различных материалов.
Функция реверс гарантирует удобство вывинчивания шурупов из прочного материала.
Инструмент оснащен быстрозажимным патроном, благодаря чему смена оснастки занимает минимум времени
Встроенная LED-подсветка гарантирует комфорт во время работы в помещении с недостаточной освещенностью.";"Характеристики|Тип|аккумуляторный
Характеристики|Тип двигателя|щеточный
Характеристики|Наличие удара|нет
Характеристики|Ленточные (магазинные)|нет
Характеристики|Наличие реверса|да
Характеристики|Наличие подсветки|да
Характеристики|Тормоз двигателя|есть
Характеристики|Тип патрона|быстрозажимной
Характеристики|Крепление патрона|1/2
Характеристики|Блокировка шпинделя|да
Характеристики|Размер зажимаемой оснастки, мм|0.8-10
Характеристики|Max крутящий момент , Нм|30
Характеристики|Жестк. вращ. момент, Нм|30
Характеристики|Мягк.вращ. момент, Нм|15
Характеристики|Число скоростей|2
Характеристики|Частота вращения шпинделя, об/мин|0-350/0-1250
Характеристики|Число ступеней крутящего момента|19+1
Характеристики|Max диаметр сверления (металл), мм|10
Характеристики|Мах диаметр сверления (дерево), мм|22
Характеристики|Тип аккумулятора|Li-Ion
Характеристики|Напряжение аккумулятора, В|14
Характеристики|Емкость аккумулятора, А*ч|1.5
Характеристики|Устройство аккумулятора|слайдер
Характеристики|Время заряда, ч|1
Характеристики|Количество аккумуляторов в комплекте|2
Характеристики|Габариты без упаковки, мм|230х210х85
Характеристики|Вес нетто, кг|3
";catalog/goods/stroitelnyj-instrument/shurupoverty/1211407/1200x800/53987163.jpg,catalog/goods/stroitelnyj-instrument/shurupoverty/1211407/1200x800/52158998.jpg,catalog/goods/stroitelnyj-instrument/shurupoverty/1211407/1200x800/52521094.jpg,catalog/goods/stroitelnyj-instrument/shurupoverty/1211407/1200x800/52521095.jpg,catalog/goods/stroitelnyj-instrument/shurupoverty/1211407/1200x800/52521096.jpg,catalog/goods/stroitelnyj-instrument/shurupoverty/1211407/1200x800/52521097.jpg,catalog/goods/stroitelnyj-instrument/shurupoverty/1211407/1200x800/52521098.jpg,catalog/goods/stroitelnyj-instrument/shurupoverty/1211407/1200x800/52521099.jpg,catalog/goods/stroitelnyj-instrument/shurupoverty/1211407/1200x800/52521100.jpg,catalog/goods/stroitelnyj-instrument/shurupoverty/1211407/1200x800/52521101.jpg,catalog/goods/stroitelnyj-instrument/shurupoverty/1211407/1200x800/52521102.jpg,catalog/goods/stroitelnyj-instrument/shurupoverty/1211407/1200x800/52521103.jpg,catalog/goods/stroitelnyj-instrument/shurupoverty/1211407/1200x800/52521104.jpg,catalog/goods/stroitelnyj-instrument/shurupoverty/1211407/1200x800/52521105.jpg,catalog/goods/stroitelnyj-instrument/shurupoverty/1211407/1200x800/52521106.jpg;1;akkumuljatornaja-drel-shurupovert-denzel-cdl-ib-14-02-26112
00000011027;RD-SD320;Электрический шуруповерт REDVERG RD-SD320/1 5026142;Инструменты|Электроинструмент|Дрели-шуруповерты;Инструменты|Электроинструмент|Дрели-шуруповерты;REDVERG;"Электрический шуруповерт REDVERG RD-SD320/1 5026142 предназначен для завинчивания резьбовых соединений.
Наличие реверса упрощает работу с застрявшей в материале оснасткой.
Фиксация максимальных оборотов снижает нагрузку с рук при долгой работе.
23 положения регулировки крутящего момента позволяют настроить инструмент под конкретную задачу.";"Характеристики|Тип|сетевой
Характеристики|Мощность, Вт|320
Характеристики|Тип двигателя|щеточный
Характеристики|Ленточные (магазинные)|нет
Характеристики|Наличие подсветки|нет
Характеристики|Наличие реверса|да
Характеристики|Тип патрона|быстрозажимной
Характеристики|Число скоростей|1
Характеристики|Регулировка частоты вращения|есть
Характеристики|Наличие удара|нет
Характеристики|Max крутящий момент , Нм|15
Характеристики|Max диаметр сверления (металл), мм|6
Характеристики|Мах диаметр сверления (дерево), мм|10
Характеристики|Вес нетто, кг|1,3
Характеристики|Частота вращения шпинделя, об/мин|0-750
Характеристики|Число ступеней крутящего момента|23+1
Характеристики|Жестк. вращ. момент, Нм|15
";catalog/goods/stroitelnyj-instrument/shurupoverty/1101947/1200x800/51239619.jpg,catalog/goods/stroitelnyj-instrument/shurupoverty/1101947/1200x800/51239620.jpg,catalog/goods/stroitelnyj-instrument/shurupoverty/1101947/1200x800/51239621.jpg,catalog/goods/stroitelnyj-instrument/shurupoverty/1101947/1200x800/51239622.jpg;1;elektricheskij-shurupovert-redverg-rd-sd3201-5026142
00000012969;RD-SD14L;Аккумуляторная дрель-шуруповерт REDVERG Basic SD14L/1 6628620;Инструменты|Электроинструмент|Дрели-шуруповерты;Инструменты|Электроинструмент|Дрели-шуруповерты;REDVERG;"Аккумуляторная дрель-шуруповерт REDVERG Basic SD14L/1 6628620 с яркой светодиодной подсветкой для работы в темных условиях.
Экономия времени при вывинчивании застрявшей в материале оснастки обеспечивается реверсом.
Модель оснащена быстрозажимным патроном для возможности удобной замены крепежа.
Наличие муфты регулировки крутящего момента говорит о возможности максимально точно регулировать момент затяжки под конкретные рабочие нужды.";"Характеристики|Тип|аккумуляторный
Характеристики|Тип двигателя|щеточный
Характеристики|Наличие удара|нет
Характеристики|Ленточные (магазинные)|нет
Характеристики|Наличие реверса|да
Характеристики|Наличие подсветки|да
Характеристики|Тип патрона|быстрозажимной
Характеристики|Блокировка шпинделя|нет
Характеристики|Max крутящий момент , Нм|20
Характеристики|Жестк. вращ. момент, Нм|20
Характеристики|Мягк.вращ. момент, Нм|15
Характеристики|Число скоростей|1
Характеристики|Частота вращения шпинделя, об/мин|0-350/0-1350
Характеристики|Число ступеней крутящего момента|15+1
Характеристики|Max диаметр шурупа, мм|10
Характеристики|Max диаметр сверления (металл), мм|10
Характеристики|Мах диаметр сверления (дерево), мм|20
Характеристики|Тип аккумулятора|Li-Ion
Характеристики|Напряжение аккумулятора, В|14.4
Характеристики|Емкость аккумулятора, А*ч|1.3
Характеристики|Устройство аккумулятора|слайдер
Характеристики|Количество аккумуляторов в комплекте|1
Характеристики|Габариты без упаковки, мм|15
Характеристики|Вес нетто, кг|1,5
";catalog/goods/stroitelnyj-instrument/shurupoverty/1117450/1200x800/51279663.jpg,catalog/goods/stroitelnyj-instrument/shurupoverty/1117450/1200x800/51279664.jpg,catalog/goods/stroitelnyj-instrument/shurupoverty/1117450/1200x800/51279665.jpg,catalog/goods/stroitelnyj-instrument/shurupoverty/1117450/1200x800/51279666.jpg,catalog/goods/stroitelnyj-instrument/shurupoverty/1117450/1200x800/51279667.jpg;1;akkumuljatornaja-drel-shurupovert-redverg-basic-sd14l1-6628620
00000001506;ДА122Р;Аккумуляторная дрель-шуруповерт ВИХРЬ ДА-12-2к 72/14/2;Инструменты|Электроинструмент|Дрели-шуруповерты;Инструменты|Электроинструмент|Дрели-шуруповерты;Вихрь;Аккумуляторная дрель-шуруповерт ВИХРЬ ДА-12-2к 72/14/2 позволяет не только закручивать шурупы, но и выполнять отверстия в металле и древесине. Быстрозажимной патрон позволяет легко менять рабочую оснастку. Прорезиненная рукоятка обеспечивает надежное удержание инструмента в руке во время работы, исключая выскальзывание. Функция реверса предусмотрена для быстрого изъятия сверла из материала в случае застревания, выкручивания шурупов и ослабления крепежа. С помощью регулировки частоты вращения инструмент можно настроить под необходимую толщину материала. В комплект поставки входят два аккумулятора.;"Характеристики|Тип|аккумуляторный
Характеристики|Тип двигателя|щеточный
Характеристики|Наличие удара|нет
Характеристики|Ленточные (магазинные)|нет
Характеристики|Наличие реверса|да
Характеристики|Наличие подсветки|да
Характеристики|Тип патрона|быстрозажимной
Характеристики|Размер зажимаемой оснастки, мм|0.8-10
Характеристики|Max крутящий момент , Нм|30
Характеристики|Жестк. вращ. момент, Нм|30
Характеристики|Мягк.вращ. момент, Нм|15
Характеристики|Число скоростей|2
Характеристики|Частота вращения шпинделя, об/мин|0-400/0-1400
Характеристики|Max диаметр сверления (металл), мм|10
Характеристики|Мах диаметр сверления (дерево), мм|20
Характеристики|Тип аккумулятора|Li-Ion
Характеристики|Напряжение аккумулятора, В|12
Характеристики|Емкость аккумулятора, А*ч|2
Характеристики|Устройство аккумулятора|слайдер
Характеристики|Время заряда, ч|1
Характеристики|Количество аккумуляторов в комплекте|2
Характеристики|Вес нетто, кг|1,2
";catalog/goods/stroitelnyj-instrument/shurupoverty/685707/1200x800/53830094.jpg,catalog/goods/stroitelnyj-instrument/shurupoverty/685707/1200x800/60004026.jpg,catalog/goods/stroitelnyj-instrument/shurupoverty/685707/1200x800/53830095.jpg,catalog/goods/stroitelnyj-instrument/shurupoverty/685707/1200x800/53830096.jpg,catalog/goods/stroitelnyj-instrument/shurupoverty/685707/1200x800/53830097.jpg,catalog/goods/stroitelnyj-instrument/shurupoverty/685707/1200x800/53830098.jpg,catalog/goods/stroitelnyj-instrument/shurupoverty/685707/1200x800/53830099.jpg,catalog/goods/stroitelnyj-instrument/shurupoverty/685707/1200x800/53830100.jpg,catalog/goods/stroitelnyj-instrument/shurupoverty/685707/1200x800/53830101.jpg,catalog/goods/stroitelnyj-instrument/shurupoverty/685707/1200x800/53830102.jpg,catalog/goods/stroitelnyj-instrument/shurupoverty/685707/1200x800/53830103.jpg;1;akkumuljatornaja-drel-shurupovert-vihr-da-12-2k-72142
00000001507;0001507;Аккумуляторная дрель-шуруповерт Вихрь ДА-12Л-2 72/14/14;Инструменты|Электроинструмент|Дрели-шуруповерты;Инструменты|Электроинструмент|Дрели-шуруповерты;Вихрь;"Аккумуляторная дрель-шуруповерт Вихрь ДА-12Л-2 72/14/14 предназначена для сверления отверстий в различных конструкциях, а также для заворачивания/отворачивания винтов и шурупов.
Наличие реверса упрощает выведение застрявшего в материале сверла.
Небольшой вес инструмента дает оператору возможность продолжительное время работать без усталости.";"Характеристики|Тип|аккумуляторный
Характеристики|Тип двигателя|щеточный
Характеристики|Наличие удара|нет
Характеристики|Ленточные (магазинные)|нет
Характеристики|Наличие реверса|да
Характеристики|Наличие подсветки|да
Характеристики|Тормоз двигателя|нет
Характеристики|Тип патрона|быстрозажимной
Характеристики|Блокировка шпинделя|нет
Характеристики|Размер зажимаемой оснастки, мм|0.8-10
Характеристики|Max крутящий момент , Нм|30
Характеристики|Жестк. вращ. момент, Нм|30
Характеристики|Мягк.вращ. момент, Нм|15
Характеристики|Число скоростей|1
Характеристики|Частота вращения шпинделя, об/мин|0-400/0-1400
Характеристики|Число ступеней крутящего момента|21+1
Характеристики|Max диаметр сверления (металл), мм|10
Характеристики|Мах диаметр сверления (дерево), мм|20
Характеристики|Тип аккумулятора|Li-Ion
Характеристики|Напряжение аккумулятора, В|12
Характеристики|Емкость аккумулятора, А*ч|2
Характеристики|Устройство аккумулятора|обойма
Характеристики|Время заряда, ч|1
Характеристики|Количество аккумуляторов в комплекте|1
Характеристики|Вес нетто, кг|0,96
";catalog/goods/stroitelnyj-instrument/shurupoverty/912663/1200x800/53868986.jpg,catalog/goods/stroitelnyj-instrument/shurupoverty/912663/1200x800/53796623.jpg,catalog/goods/stroitelnyj-instrument/shurupoverty/912663/1200x800/60004182.jpg,catalog/goods/stroitelnyj-instrument/shurupoverty/912663/1200x800/53868984.jpg,catalog/goods/stroitelnyj-instrument/shurupoverty/912663/1200x800/53868985.jpg,catalog/goods/stroitelnyj-instrument/shurupoverty/912663/1200x800/53868987.jpg,catalog/goods/stroitelnyj-instrument/shurupoverty/912663/1200x800/53868988.jpg,catalog/goods/stroitelnyj-instrument/shurupoverty/912663/1200x800/53868989.jpg,catalog/goods/stroitelnyj-instrument/shurupoverty/912663/1200x800/53868990.jpg,catalog/goods/stroitelnyj-instrument/shurupoverty/912663/1200x800/53868991.jpg,catalog/goods/stroitelnyj-instrument/shurupoverty/912663/1200x800/53868992.jpg,catalog/goods/stroitelnyj-instrument/shurupoverty/912663/1200x800/53868993.jpg;1;akkumuljatornaja-drel-shurupovert-vihr-da-12l-2-721414
00000010390;ДА127Р;Аккумуляторная дрель-шуруповерт Вихрь ДА-12Л-2К 72/14/7;Инструменты|Электроинструмент|Дрели-шуруповерты;Инструменты|Электроинструмент|Дрели-шуруповерты;Вихрь;"Аккумуляторная дрель-шуруповерт Вихрь ДА-12Л-2К 72/14/7 используется домашними мастерами для ремонтно-монтажных работ.
Хорошая видимость. Для оптимального обзора рабочей зоны в слабоосвещенных местах предусмотрена светодиодная подсветка.
Литий-ионная технология увеличивает срок службы аппарата и позволяет заряжать аккумулятор вне зависимости от степени его разрядки.";"Характеристики|Тип|аккумуляторный
Характеристики|Тип двигателя|щеточный
Характеристики|Наличие удара|нет
Характеристики|Ленточные (магазинные)|нет
Характеристики|Наличие реверса|да
Характеристики|Наличие подсветки|да
Характеристики|Тип патрона|быстрозажимной
Характеристики|Блокировка шпинделя|нет
Характеристики|Размер зажимаемой оснастки, мм|0.8-10
Характеристики|Max крутящий момент , Нм|30
Характеристики|Жестк. вращ. момент, Нм|30
Характеристики|Мягк.вращ. момент, Нм|15
Характеристики|Число скоростей|2
Характеристики|Частота вращения шпинделя, об/мин|0-400/0-1400
Характеристики|Число ступеней крутящего момента|21+1
Характеристики|Max диаметр сверления (металл), мм|10
Характеристики|Мах диаметр сверления (дерево), мм|20
Характеристики|Тип аккумулятора|Li-Ion
Характеристики|Напряжение аккумулятора, В|12
Характеристики|Емкость аккумулятора, А*ч|2
Характеристики|Устройство аккумулятора|обойма
Характеристики|Время заряда, ч|1
Характеристики|Количество аккумуляторов в комплекте|2
Характеристики|Вес нетто, кг|0,96
";catalog/goods/stroitelnyj-instrument/shurupoverty/976287/1200x800/53868967.jpg,catalog/goods/stroitelnyj-instrument/shurupoverty/976287/1200x800/53868970.jpg,catalog/goods/stroitelnyj-instrument/shurupoverty/976287/1200x800/60004068.jpg,catalog/goods/stroitelnyj-instrument/shurupoverty/976287/1200x800/53868968.jpg,catalog/goods/stroitelnyj-instrument/shurupoverty/976287/1200x800/53868969.jpg,catalog/goods/stroitelnyj-instrument/shurupoverty/976287/1200x800/53868971.jpg,catalog/goods/stroitelnyj-instrument/shurupoverty/976287/1200x800/53868972.jpg,catalog/goods/stroitelnyj-instrument/shurupoverty/976287/1200x800/53868973.jpg,catalog/goods/stroitelnyj-instrument/shurupoverty/976287/1200x800/53868974.jpg,catalog/goods/stroitelnyj-instrument/shurupoverty/976287/1200x800/53868975.jpg;1;akkumuljatornaja-drel-shurupovert-vihr-da-12l-2k-72147
00000001508;ДА144-2к;Аккумуляторная дрель-шуруповерт Вихрь ДА-14,4Л-2К 72/14/8;Инструменты|Электроинструмент|Дрели-шуруповерты;Инструменты|Электроинструмент|Дрели-шуруповерты;Вихрь;"Аккумуляторная дрель-шуруповерт Вихрь ДА-14,4Л-2К 72/14/8 позволяет быстро и аккуратно вворачивать и выворачивать шурупы, а также сверлить отверстия в дереве, металле, пластмассе и т.д.

Регулировка числа оборотов позволяет подобрать оптимальный рабочий режим в зависимости от свойств материала.

В корпусе есть вентиляционные отверстия, через которые происходит охлаждение двигателя и внутренних узлов.";"Характеристики|Тип|аккумуляторный
Характеристики|Тип двигателя|щеточный
Характеристики|Наличие удара|нет
Характеристики|Ленточные (магазинные)|нет
Характеристики|Наличие реверса|да
Характеристики|Наличие подсветки|да
Характеристики|Тормоз двигателя|нет
Характеристики|Тип патрона|быстрозажимной
Характеристики|Блокировка шпинделя|нет
Характеристики|Размер зажимаемой оснастки, мм|0.8-10
Характеристики|Max крутящий момент , Нм|40
Характеристики|Жестк. вращ. момент, Нм|40
Характеристики|Мягк.вращ. момент, Нм|20
Характеристики|Число скоростей|2
Характеристики|Частота вращения шпинделя, об/мин|0-400/0-1400
Характеристики|Число ступеней крутящего момента|21+1
Характеристики|Max диаметр сверления (металл), мм|10
Характеристики|Мах диаметр сверления (дерево), мм|25
Характеристики|Тип аккумулятора|Li-Ion
Характеристики|Напряжение аккумулятора, В|14.4
Характеристики|Емкость аккумулятора, А*ч|2
Характеристики|Устройство аккумулятора|слайдер
Характеристики|Время заряда, ч|1
Характеристики|Количество аккумуляторов в комплекте|2
Характеристики|Вес нетто, кг|1,25
";catalog/goods/stroitelnyj-instrument/shurupoverty/921347/1200x800/53868994.jpg,catalog/goods/stroitelnyj-instrument/shurupoverty/921347/1200x800/60004074.jpg,catalog/goods/stroitelnyj-instrument/shurupoverty/921347/1200x800/53868995.jpg,catalog/goods/stroitelnyj-instrument/shurupoverty/921347/1200x800/53868996.jpg,catalog/goods/stroitelnyj-instrument/shurupoverty/921347/1200x800/53945300.jpg,catalog/goods/stroitelnyj-instrument/shurupoverty/921347/1200x800/53868997.jpg,catalog/goods/stroitelnyj-instrument/shurupoverty/921347/1200x800/53868998.jpg,catalog/goods/stroitelnyj-instrument/shurupoverty/921347/1200x800/53868999.jpg,catalog/goods/stroitelnyj-instrument/shurupoverty/921347/1200x800/53869000.jpg,catalog/goods/stroitelnyj-instrument/shurupoverty/921347/1200x800/53869001.jpg,catalog/goods/stroitelnyj-instrument/shurupoverty/921347/1200x800/53869002.jpg;1;akkumuljatornaja-drel-shurupovert-vihr-da-144l-2k-72148
00000011799;11799;Аккумуляторная дрель-шуруповерт Вихрь ДА-14Л-2KА 72/14/20;Инструменты|Электроинструмент|Дрели-шуруповерты;Инструменты|Электроинструмент|Дрели-шуруповерты;Вихрь;"Аккумуляторная дрель-шуруповерт Вихрь ДА-14Л-2KА 72/14/20 имеет двухскоростной редуктор и 21 ступень крутящего момента. Это значительно расширяет сферу применения.
Динамический тормоз гарантирует моментальную остановку вращения патрона.
Подсветка рабочей зоны упрощает ведение работы в условиях недостаточной освещенности.
Функция реверса упрощает выведение застрявшего в материале сверла.";"Характеристики|Тип|аккумуляторный
Характеристики|Тип двигателя|щеточный
Характеристики|Наличие удара|нет
Характеристики|Ленточные (магазинные)|нет
Характеристики|Наличие реверса|да
Характеристики|Наличие подсветки|да
Характеристики|Тормоз двигателя|есть
Характеристики|Тип патрона|быстрозажимной
Характеристики|Блокировка шпинделя|нет
Характеристики|Размер зажимаемой оснастки, мм|0.8-10
Характеристики|Max крутящий момент , Нм|30
Характеристики|Жестк. вращ. момент, Нм|30
Характеристики|Число скоростей|2
Характеристики|Частота вращения шпинделя, об/мин|0-400/0-1400
Характеристики|Число ступеней крутящего момента|21+1
Характеристики|Max диаметр сверления (металл), мм|10
Характеристики|Мах диаметр сверления (дерево), мм|25
Характеристики|Тип аккумулятора|Li-Ion
Характеристики|Напряжение аккумулятора, В|14.4
Характеристики|Емкость аккумулятора, А*ч|1.5
Характеристики|Устройство аккумулятора|слайдер
Характеристики|Время заряда, ч|1
Характеристики|Количество аккумуляторов в комплекте|2
Характеристики|Вес нетто, кг|1,25
";catalog/goods/stroitelnyj-instrument/shurupoverty/1541301/1200x800/54162064.jpg,catalog/goods/stroitelnyj-instrument/shurupoverty/1541301/1200x800/60015672.jpg,catalog/goods/stroitelnyj-instrument/shurupoverty/1541301/1200x800/53903798.jpg,catalog/goods/stroitelnyj-instrument/shurupoverty/1541301/1200x800/54162065.jpg,catalog/goods/stroitelnyj-instrument/shurupoverty/1541301/1200x800/54162066.jpg,catalog/goods/stroitelnyj-instrument/shurupoverty/1541301/1200x800/54162067.jpg,catalog/goods/stroitelnyj-instrument/shurupoverty/1541301/1200x800/54162068.jpg,catalog/goods/stroitelnyj-instrument/shurupoverty/1541301/1200x800/52607448.jpg,catalog/goods/stroitelnyj-instrument/shurupoverty/1541301/1200x800/54162069.jpg,catalog/goods/stroitelnyj-instrument/shurupoverty/1541301/1200x800/52607449.jpg,catalog/goods/stroitelnyj-instrument/shurupoverty/1541301/1200x800/54162070.jpg,catalog/goods/stroitelnyj-instrument/shurupoverty/1541301/1200x800/54162071.jpg,catalog/goods/stroitelnyj-instrument/shurupoverty/1541301/1200x800/54162072.jpg,catalog/goods/stroitelnyj-instrument/shurupoverty/1541301/1200x800/54162073.jpg,catalog/goods/stroitelnyj-instrument/shurupoverty/1541301/1200x800/52898010.jpg;1;akkumuljatornaja-drel-shurupovert-vihr-da-14l-2ka-721420
00000011206;72/14/9;Аккумуляторная дрель-шуруповерт Вихрь ДА-18Л-2К 72/14/9;Инструменты|Электроинструмент|Дрели-шуруповерты;Инструменты|Электроинструмент|Дрели-шуруповерты;Вихрь;"Аккумуляторная дрель-шуруповерт Вихрь ДА-18Л-2К 72/14/9 используется домашними мастерами для ремонтно-монтажных работ.
На инструменте можно выставить один из 16 возможных вариантов крутящего момента или режим сверления, в зависимости от выполняемой задачи.
Литий-ионная технология увеличивает срок службы аппарата и позволяет заряжать аккумулятор вне зависимости от степени его разрядки.";"Характеристики|Тип|аккумуляторный
Характеристики|Тип двигателя|щеточный
Характеристики|Наличие удара|нет
Характеристики|Ленточные (магазинные)|нет
Характеристики|Наличие реверса|да
Характеристики|Наличие подсветки|да
Характеристики|Тип патрона|быстрозажимной
Характеристики|Крепление патрона|3/8
Характеристики|Размер зажимаемой оснастки, мм|0.8-10
Характеристики|Max крутящий момент , Нм|45
Характеристики|Жестк. вращ. момент, Нм|45
Характеристики|Мягк.вращ. момент, Нм|22
Характеристики|Число скоростей|2
Характеристики|Частота вращения шпинделя, об/мин|0-400/ 0-1400
Характеристики|Число ступеней крутящего момента|16+1
Характеристики|Max диаметр сверления (металл), мм|12
Характеристики|Мах диаметр сверления (дерево), мм|30
Характеристики|Тип аккумулятора|Li-Ion
Характеристики|Напряжение аккумулятора, В|18
Характеристики|Емкость аккумулятора, А*ч|2
Характеристики|Устройство аккумулятора|слайдер
Характеристики|Время заряда, ч|1
Характеристики|Количество аккумуляторов в комплекте|2
Характеристики|Вес нетто, кг|1,3
";catalog/goods/stroitelnyj-instrument/shurupoverty/976288/1200x800/53868943.jpg,catalog/goods/stroitelnyj-instrument/shurupoverty/976288/1200x800/60004080.jpg,catalog/goods/stroitelnyj-instrument/shurupoverty/976288/1200x800/53868944.jpg,catalog/goods/stroitelnyj-instrument/shurupoverty/976288/1200x800/53868945.jpg,catalog/goods/stroitelnyj-instrument/shurupoverty/976288/1200x800/53868946.jpg,catalog/goods/stroitelnyj-instrument/shurupoverty/976288/1200x800/53868947.jpg,catalog/goods/stroitelnyj-instrument/shurupoverty/976288/1200x800/53764763.jpg,catalog/goods/stroitelnyj-instrument/shurupoverty/976288/1200x800/53868948.jpg,catalog/goods/stroitelnyj-instrument/shurupoverty/976288/1200x800/53868949.jpg,catalog/goods/stroitelnyj-instrument/shurupoverty/976288/1200x800/51352207.jpg,catalog/goods/stroitelnyj-instrument/shurupoverty/976288/1200x800/53868950.jpg,catalog/goods/stroitelnyj-instrument/shurupoverty/976288/1200x800/51352208.jpg;1;akkumuljatornaja-drel-shurupovert-vihr-da-18l-2k-72149
00000019743;ДА18Л2КА;Аккумуляторная дрель-шуруповерт Вихрь ДА-18Л-2КА 72/14/25;Инструменты|Электроинструмент|Дрели-шуруповерты;Инструменты|Электроинструмент|Дрели-шуруповерты;Вихрь;"Аккумуляторная дрель-шуруповерт Вихрь ДА-18Л-2КА 72/14/25 предназначена для работ с крепежом и сверления отверстий.
Для удобного хранения и транспортировки предусмотрен специальный кейс.
Функция реверса упрощает выведение застрявшего в материале сверла и позволяет откручивать шурупы.
Два аккумулятора в комплекте обеспечивают долгую работу без перерыва.";"Характеристики|Тип|аккумуляторный
Характеристики|Тип двигателя|щеточный
Характеристики|Наличие удара|нет
Характеристики|Ленточные (магазинные)|нет
Характеристики|Наличие реверса|да
Характеристики|Наличие подсветки|да
Характеристики|Тормоз двигателя|есть
Характеристики|Тип патрона|быстрозажимной
Характеристики|Крепление патрона|3/8
Характеристики|Блокировка шпинделя|нет
Характеристики|Размер зажимаемой оснастки, мм|0.8-10
Характеристики|Max крутящий момент , Нм|35
Характеристики|Жестк. вращ. момент, Нм|35
Характеристики|Число скоростей|2
Характеристики|Частота вращения шпинделя, об/мин|0-400/0-1400
Характеристики|Max диаметр сверления (металл), мм|12
Характеристики|Мах диаметр сверления (дерево), мм|30
Характеристики|Тип аккумулятора|Li-Ion
Характеристики|Напряжение аккумулятора, В|18
Характеристики|Емкость аккумулятора, А*ч|1.5
Характеристики|Устройство аккумулятора|слайдер
Характеристики|Время заряда, ч|1
Характеристики|Количество аккумуляторов в комплекте|2
Характеристики|Вес нетто, кг|1,25
";catalog/goods/stroitelnyj-instrument/shurupoverty/1280636/1200x800/53947067.jpg,catalog/goods/stroitelnyj-instrument/shurupoverty/1280636/1200x800/53947072.jpg,catalog/goods/stroitelnyj-instrument/shurupoverty/1280636/1200x800/60078888.jpg,catalog/goods/stroitelnyj-instrument/shurupoverty/1280636/1200x800/53947068.jpg,catalog/goods/stroitelnyj-instrument/shurupoverty/1280636/1200x800/53947069.jpg,catalog/goods/stroitelnyj-instrument/shurupoverty/1280636/1200x800/53947070.jpg,catalog/goods/stroitelnyj-instrument/shurupoverty/1280636/1200x800/53947071.jpg,catalog/goods/stroitelnyj-instrument/shurupoverty/1280636/1200x800/53947073.jpg,catalog/goods/stroitelnyj-instrument/shurupoverty/1280636/1200x800/53947074.jpg,catalog/goods/stroitelnyj-instrument/shurupoverty/1280636/1200x800/53947075.jpg,catalog/goods/stroitelnyj-instrument/shurupoverty/1280636/1200x800/53947076.jpg;1;akkumuljatornaja-drel-shurupovert-vihr-da-18l-2ka-721425
00000017487;ДА-12-1;Аккумуляторная дрель-шуруповерт Вихрь ДА-12-1 72/14/11;Инструменты|Электроинструмент|Дрели-шуруповерты;Инструменты|Электроинструмент|Дрели-шуруповерты;Вихрь;"Аккумуляторная дрель-шуруповерт Вихрь ДА-12-1 72/14/11 предназначена для сверления отверстий и работ с крепежом. На корпусе инструмента имеется отверстие - для удобного крепления запасной биты. Через вентиляционные отверстия поступает достаточно воздуха, что охлаждает двигатель и предохраняет его от перегрева.
Внимание! Внешний вид может отличаться от представленного на фото.";"Характеристики|Тип|аккумуляторный
Характеристики|Тип двигателя|щеточный
Характеристики|Наличие удара|нет
Характеристики|Ленточные (магазинные)|нет
Характеристики|Наличие реверса|да
Характеристики|Наличие подсветки|да
Характеристики|Тормоз двигателя|есть
Характеристики|Тип патрона|быстрозажимной
Характеристики|Блокировка шпинделя|нет
Характеристики|Размер зажимаемой оснастки, мм|0.8-10
Характеристики|Max крутящий момент , Нм|30
Характеристики|Жестк. вращ. момент, Нм|30
Характеристики|Число скоростей|1
Характеристики|Частота вращения шпинделя, об/мин|0-600
Характеристики|Число ступеней крутящего момента|21+1
Характеристики|Max диаметр сверления (металл), мм|8
Характеристики|Мах диаметр сверления (дерево), мм|18
Характеристики|Тип аккумулятора|Li-Ion
Характеристики|Напряжение аккумулятора, В|12
Характеристики|Емкость аккумулятора, А*ч|2
Характеристики|Устройство аккумулятора|обойма
Характеристики|Время заряда, ч|1
Характеристики|Количество аккумуляторов в комплекте|1
Характеристики|Вес нетто, кг|0,96
";catalog/goods/stroitelnyj-instrument/shurupoverty/789351/1200x800/53742821.jpg,catalog/goods/stroitelnyj-instrument/shurupoverty/789351/1200x800/53784983.jpg,catalog/goods/stroitelnyj-instrument/shurupoverty/789351/1200x800/60004188.jpg,catalog/goods/stroitelnyj-instrument/shurupoverty/789351/1200x800/53742822.jpg,catalog/goods/stroitelnyj-instrument/shurupoverty/789351/1200x800/53742823.jpg,catalog/goods/stroitelnyj-instrument/shurupoverty/789351/1200x800/53742824.jpg,catalog/goods/stroitelnyj-instrument/shurupoverty/789351/1200x800/53742825.jpg,catalog/goods/stroitelnyj-instrument/shurupoverty/789351/1200x800/53742826.jpg,catalog/goods/stroitelnyj-instrument/shurupoverty/789351/1200x800/53742827.jpg,catalog/goods/stroitelnyj-instrument/shurupoverty/789351/1200x800/53742828.jpg,catalog/goods/stroitelnyj-instrument/shurupoverty/789351/1200x800/53742829.jpg,catalog/goods/stroitelnyj-instrument/shurupoverty/789351/1200x800/53784982.jpg,catalog/goods/stroitelnyj-instrument/shurupoverty/789351/1200x800/53742830.jpg;1;akkumuljatornaja-drel-shurupovert-vihr-da-12-1-721411
00000014794;72/14/18;Аккумуляторная дрель-шуруповерт Вихрь ДА-24Л-2к 72/14/18;Инструменты|Электроинструмент|Дрели-шуруповерты;Инструменты|Электроинструмент|Дрели-шуруповерты;Вихрь;"Аккумуляторная дрель-шуруповерт Вихрь ДА-24Л-2к 72/14/18 используется домашними мастерами для ремонтно-монтажных работ.
Смена рабочих насадок производится мгновенно, без излишних усилий благодаря быстрозажимному патрону.
Литий-ионная технология увеличивает срок службы аппарата и позволяет заряжать аккумулятор вне зависимости от степени его разрядки. 
Внимание, изображение товара может отличаться от реального! Верные параметры указаны в технических характеристиках товара.";"Характеристики|Тип|аккумуляторный
Характеристики|Тип двигателя|щеточный
Характеристики|Наличие удара|нет
Характеристики|Ленточные (магазинные)|нет
Характеристики|Наличие реверса|да
Характеристики|Наличие подсветки|да
Характеристики|Тип патрона|быстрозажимной
Характеристики|Размер зажимаемой оснастки, мм|0.8-10
Характеристики|Max крутящий момент , Нм|55
Характеристики|Жестк. вращ. момент, Нм|55
Характеристики|Мягк.вращ. момент, Нм|27
Характеристики|Число скоростей|2
Характеристики|Частота вращения шпинделя, об/мин|0-400/0-1400
Характеристики|Max диаметр сверления (металл), мм|12
Характеристики|Мах диаметр сверления (дерево), мм|30
Характеристики|Тип аккумулятора|Li-Ion
Характеристики|Напряжение аккумулятора, В|24
Характеристики|Емкость аккумулятора, А*ч|2
Характеристики|Устройство аккумулятора|слайдер
Характеристики|Время заряда, ч|1
Характеристики|Количество аккумуляторов в комплекте|2
Характеристики|Вес нетто, кг|1,35
";catalog/goods/stroitelnyj-instrument/shurupoverty/976289/1200x800/53884163.jpg,catalog/goods/stroitelnyj-instrument/shurupoverty/976289/1200x800/60004248.jpg,catalog/goods/stroitelnyj-instrument/shurupoverty/976289/1200x800/53884164.jpg,catalog/goods/stroitelnyj-instrument/shurupoverty/976289/1200x800/53884165.jpg,catalog/goods/stroitelnyj-instrument/shurupoverty/976289/1200x800/53884166.jpg,catalog/goods/stroitelnyj-instrument/shurupoverty/976289/1200x800/53884167.jpg,catalog/goods/stroitelnyj-instrument/shurupoverty/976289/1200x800/53884168.jpg,catalog/goods/stroitelnyj-instrument/shurupoverty/976289/1200x800/53884169.jpg,catalog/goods/stroitelnyj-instrument/shurupoverty/976289/1200x800/53884170.jpg,catalog/goods/stroitelnyj-instrument/shurupoverty/976289/1200x800/53884171.jpg,catalog/goods/stroitelnyj-instrument/shurupoverty/976289/1200x800/53884172.jpg;1;akkumuljatornaja-drel-shurupovert-vihr-da-24l-2k-721418
00000016795;016795;Аккумуляторная дрель-шуруповерт Вихрь ДА-18Л-2кУ 72/14/17;Инструменты|Электроинструмент|Дрели-шуруповерты;Инструменты|Электроинструмент|Дрели-шуруповерты;Вихрь;"Аккумуляторная дрель-шуруповерт Вихрь ДА-18Л-2кУ 72/14/17 используется домашними мастерами для ремонтно-монтажных работ.
Оснащена быстрозажимным патроном с блокировкой шпинделя, что обеспечивает простую смену оснастки.
Литий-ионная технология увеличивает срок службы аппарата и позволяет заряжать аккумулятор вне зависимости от степени его разрядки.";"Характеристики|Тип|аккумуляторный
Характеристики|Тип двигателя|щеточный
Характеристики|Наличие удара|есть
Характеристики|Тип удара|осевой
Характеристики|Ленточные (магазинные)|нет
Характеристики|Наличие реверса|да
Характеристики|Наличие подсветки|да
Характеристики|Тип патрона|быстрозажимной
Характеристики|Блокировка шпинделя|нет
Характеристики|Размер зажимаемой оснастки, мм|0.8-10
Характеристики|Max крутящий момент , Нм|45
Характеристики|Жестк. вращ. момент, Нм|45
Характеристики|Мягк.вращ. момент, Нм|22
Характеристики|Число ступеней крутящего момента|16+2
Характеристики|Число скоростей|2
Характеристики|Частота вращения шпинделя, об/мин|0-400/0-1400
Характеристики|Мах диаметр сверления (дерево), мм|30
Характеристики|Max диаметр сверления (металл), мм|12
Характеристики|Тип аккумулятора|Li-Ion
Характеристики|Напряжение аккумулятора, В|18
Характеристики|Емкость аккумулятора, А*ч|2
Характеристики|Устройство аккумулятора|слайдер
Характеристики|Время заряда, ч|1
Характеристики|Количество аккумуляторов в комплекте|2
Характеристики|Вес нетто, кг|1,3
";catalog/goods/stroitelnyj-instrument/shurupoverty/976290/1200x800/53956678.jpg,catalog/goods/stroitelnyj-instrument/shurupoverty/976290/1200x800/60004266.jpg,catalog/goods/stroitelnyj-instrument/shurupoverty/976290/1200x800/53956679.jpg,catalog/goods/stroitelnyj-instrument/shurupoverty/976290/1200x800/53956680.jpg,catalog/goods/stroitelnyj-instrument/shurupoverty/976290/1200x800/53956681.jpg,catalog/goods/stroitelnyj-instrument/shurupoverty/976290/1200x800/52356884.jpg,catalog/goods/stroitelnyj-instrument/shurupoverty/976290/1200x800/52356886.jpg,catalog/goods/stroitelnyj-instrument/shurupoverty/976290/1200x800/53956682.jpg,catalog/goods/stroitelnyj-instrument/shurupoverty/976290/1200x800/52356882.jpg,catalog/goods/stroitelnyj-instrument/shurupoverty/976290/1200x800/52356887.jpg,catalog/goods/stroitelnyj-instrument/shurupoverty/976290/1200x800/53956683.jpg,catalog/goods/stroitelnyj-instrument/shurupoverty/976290/1200x800/53956684.jpg,catalog/goods/stroitelnyj-instrument/shurupoverty/976290/1200x800/53956685.jpg,catalog/goods/stroitelnyj-instrument/shurupoverty/976290/1200x800/53956686.jpg,catalog/goods/stroitelnyj-instrument/shurupoverty/976290/1200x800/53956687.jpg;1;akkumuljatornaja-drel-shurupovert-vihr-da-18l-2ku-721417
00000016794;016794;Аккумуляторная дрель-шуруповерт Вихрь ДА-24Л-2кУ 72/14/19;Инструменты|Электроинструмент|Дрели-шуруповерты;Инструменты|Электроинструмент|Дрели-шуруповерты;Вихрь;"Аккумуляторная дрель-шуруповерт Вихрь ДА-24Л-2кУ 72/14/19 используется домашними мастерами для ремонтно-монтажных работ.
Экономия времени. Модель оборудована быстрозажимным патроном, поэтому смена оснастки занимает минимальное количество времени.
Литий-ионная технология увеличивает срок службы аппарата и позволяет заряжать аккумулятор вне зависимости от степени его разрядки.";"Характеристики|Тип|аккумуляторный
Характеристики|Тип двигателя|щеточный
Характеристики|Наличие удара|есть
Характеристики|Тип удара|осевой
Характеристики|Ленточные (магазинные)|нет
Характеристики|Наличие реверса|да
Характеристики|Наличие подсветки|да
Характеристики|Тип патрона|быстрозажимной
Характеристики|Блокировка шпинделя|нет
Характеристики|Размер зажимаемой оснастки, мм|0.8-10
Характеристики|Max крутящий момент , Нм|55
Характеристики|Жестк. вращ. момент, Нм|55
Характеристики|Мягк.вращ. момент, Нм|27
Характеристики|Число скоростей|2
Характеристики|Частота вращения шпинделя, об/мин|0-400/0-1400
Характеристики|Мах диаметр сверления (дерево), мм|30
Характеристики|Max диаметр сверления (металл), мм|12
Характеристики|Тип аккумулятора|Li-Ion
Характеристики|Напряжение аккумулятора, В|24
Характеристики|Емкость аккумулятора, А*ч|2
Характеристики|Устройство аккумулятора|обойма
Характеристики|Время заряда, ч|1
Характеристики|Количество аккумуляторов в комплекте|2
Характеристики|Вес нетто, кг|1,35
";catalog/goods/stroitelnyj-instrument/shurupoverty/976355/1200x800/53868933.jpg,catalog/goods/stroitelnyj-instrument/shurupoverty/976355/1200x800/60003900.jpg,catalog/goods/stroitelnyj-instrument/shurupoverty/976355/1200x800/53868934.jpg,catalog/goods/stroitelnyj-instrument/shurupoverty/976355/1200x800/53868935.jpg,catalog/goods/stroitelnyj-instrument/shurupoverty/976355/1200x800/53868936.jpg,catalog/goods/stroitelnyj-instrument/shurupoverty/976355/1200x800/53868937.jpg,catalog/goods/stroitelnyj-instrument/shurupoverty/976355/1200x800/53868938.jpg,catalog/goods/stroitelnyj-instrument/shurupoverty/976355/1200x800/53868939.jpg,catalog/goods/stroitelnyj-instrument/shurupoverty/976355/1200x800/53868940.jpg,catalog/goods/stroitelnyj-instrument/shurupoverty/976355/1200x800/53868941.jpg,catalog/goods/stroitelnyj-instrument/shurupoverty/976355/1200x800/53868942.jpg;1;akkumuljatornaja-drel-shurupovert-vihr-da-24l-2ku-721419
00000013126;ДА-18-2ЛС;Аккумуляторный шуруповерт ELTI ДА-18-2ЛС-М;Инструменты|Электроинструмент|Дрели-шуруповерты;Инструменты|Электроинструмент|Дрели-шуруповерты;ELTI;"Аккумуляторный шуруповерт ELTI ДА-18-2ЛС-М предназначена для автономного сверления и завинчивания/вывинчивания винтов и шурупов в металле, дереве и пластике. Малый вес, сбалансированный корпус и отсутствие проводов питания позволяют комфортно работать в труднодоступных местах, на высотах, а также в условиях, где нет электрической сети.

Быстрая зарядка
Наличие реверса
2х скоростной редуктор
Блокировка случайного включения
Быстрая смена оснастки
Охлаждение двигателя: специально разработанная вентиляция
2 батареи в комплекте
LED подсветка
Удобная обрезиненная рукоятка
Съемный патрон";"Характеристики|Тип|аккумуляторный
Характеристики|Тип двигателя|щеточный
Характеристики|Наличие удара|нет
Характеристики|Ленточные (магазинные)|нет
Характеристики|Наличие реверса|да
Характеристики|Наличие подсветки|да
Характеристики|Тип патрона|быстрозажимной
Характеристики|Размер зажимаемой оснастки, мм|0.8-10
Характеристики|Max крутящий момент , Нм|28
Характеристики|Жестк. вращ. момент, Нм|28
Характеристики|Мягк.вращ. момент, Нм|18
Характеристики|Число скоростей|2
Характеристики|Частота вращения шпинделя, об/мин|0-350/0-1200
Характеристики|Число ступеней крутящего момента|20+1
Характеристики|Max диаметр сверления (металл), мм|6
Характеристики|Мах диаметр сверления (дерево), мм|25
Характеристики|Тип аккумулятора|Li-Ion
Характеристики|Напряжение аккумулятора, В|20
Характеристики|Емкость аккумулятора, А*ч|2
Характеристики|Устройство аккумулятора|слайдер
Характеристики|Время заряда, ч|1
Характеристики|Количество аккумуляторов в комплекте|2
Характеристики|Габариты без упаковки, мм|290х260х90
Характеристики|Вес нетто, кг|2,5
";catalog/goods/stroitelnyj-instrument/shurupoverty/2209056/1200x800/54688993.jpg,catalog/goods/stroitelnyj-instrument/shurupoverty/2209056/1200x800/54688994.jpg,catalog/goods/stroitelnyj-instrument/shurupoverty/2209056/1200x800/54688995.jpg,catalog/goods/stroitelnyj-instrument/shurupoverty/2209056/1200x800/54688996.jpg,catalog/goods/stroitelnyj-instrument/shurupoverty/2209056/1200x800/54688997.jpg,catalog/goods/stroitelnyj-instrument/shurupoverty/2209056/1200x800/54688998.jpg,catalog/goods/stroitelnyj-instrument/shurupoverty/2209056/1200x800/54688999.jpg,catalog/goods/stroitelnyj-instrument/shurupoverty/2209056/1200x800/54689000.jpg,catalog/goods/stroitelnyj-instrument/shurupoverty/2209056/1200x800/54689001.jpg,catalog/goods/stroitelnyj-instrument/shurupoverty/2209056/1200x800/54689002.jpg;1;akkumuljatornyj-shurupovert-elti-da-18-2ls-m
00000000542;ДА-10/12Л2;Аккумуляторная дрель-шуруповерт Интерскол ДА-10/12Л2 517.0.2.00;Инструменты|Электроинструмент|Дрели-шуруповерты;Инструменты|Электроинструмент|Дрели-шуруповерты;Интерскол;Аккумуляторная дрель-шуруповерт ИНТЕРСКОЛ ДА-10/12Л2 517.0.2.00 предназначена для закручивания/откручивания крепежа и сверления отверстий. Муфта ограничения момента 18+1 позволяет подобрать оптимальное положение для заворачивания шурупа или самореза размером 3-5 мм. Инструмент имеет подсветку рабочей области, благодаря которой можно работать в плохоосвещенных помещениях. Быстрозажимной патрон обеспечивает быструю замену оснастки.;"Характеристики|Тип|аккумуляторный
Характеристики|Тип двигателя|щеточный
Характеристики|Наличие удара|нет
Характеристики|Ленточные (магазинные)|нет
Характеристики|Наличие реверса|да
Характеристики|Наличие подсветки|да
Характеристики|Тормоз двигателя|есть
Характеристики|Тип патрона|быстрозажимной
Характеристики|Крепление патрона|3/8
Характеристики|Блокировка шпинделя|да
Характеристики|Размер зажимаемой оснастки, мм|0.8-10
Характеристики|Max крутящий момент , Нм|25
Характеристики|Жестк. вращ. момент, Нм|25
Характеристики|Мягк.вращ. момент, Нм|14
Характеристики|Число скоростей|2
Характеристики|Частота вращения шпинделя, об/мин|0-350/0-1350
Характеристики|Число ступеней крутящего момента|18+1
Характеристики|Max диаметр шурупа, мм|5
Характеристики|Max диаметр сверления (металл), мм|10
Характеристики|Мах диаметр сверления (дерево), мм|20
Характеристики|Тип аккумулятора|Li-Ion
Характеристики|Напряжение аккумулятора, В|12
Характеристики|Емкость аккумулятора, А*ч|1.5
Характеристики|Устройство аккумулятора|обойма
Характеристики|Время заряда, ч|1
Характеристики|Количество аккумуляторов в комплекте|2
Характеристики|Габариты без упаковки, мм|193х56х194
Характеристики|Вес нетто, кг|1
";catalog/goods/stroitelnyj-instrument/shurupoverty/844335/1200x800/52463174.jpg,catalog/goods/stroitelnyj-instrument/shurupoverty/844335/1200x800/52463175.jpg,catalog/goods/stroitelnyj-instrument/shurupoverty/844335/1200x800/52463176.jpg,catalog/goods/stroitelnyj-instrument/shurupoverty/844335/1200x800/52463177.jpg,catalog/goods/stroitelnyj-instrument/shurupoverty/844335/1200x800/52463178.jpg,catalog/goods/stroitelnyj-instrument/shurupoverty/844335/1200x800/52463179.jpg,catalog/goods/stroitelnyj-instrument/shurupoverty/844335/1200x800/52463180.jpg,catalog/goods/stroitelnyj-instrument/shurupoverty/844335/1200x800/52463181.jpg;1;akkumuljatornaja-drel-shurupovert-interskol-da-1012l2-5170200
00000009563;ДА-10/12М3;Аккумуляторная дрель-шуруповерт Интерскол ДА-10/12М3 331.0.2.00;Инструменты|Электроинструмент|Дрели-шуруповерты;Инструменты|Электроинструмент|Дрели-шуруповерты;Интерскол;Аккумуляторная дрель-шуруповерт Интерскол ДА-10/12М3 331.0.2.00 снабжена одномуфтовым патроном с блокировкой шпинделя, что обеспечивает простую смену оснастки. Корпус, рукоятка и аккумуляторная батарея имеют резиновые вставки, благодаря чему удерживать инструмент гораздо удобнее. Встроенная подсветка позволяет работать даже при плохом освещении. Модель поставляется в чемодане.;"Характеристики|Тип|аккумуляторный
Характеристики|Тип двигателя|щеточный
Характеристики|Наличие удара|нет
Характеристики|Ленточные (магазинные)|нет
Характеристики|Наличие реверса|да
Характеристики|Наличие подсветки|да
Характеристики|Тип патрона|быстрозажимной
Характеристики|Крепление патрона|3/8
Характеристики|Блокировка шпинделя|да
Характеристики|Размер зажимаемой оснастки, мм|0.8-10
Характеристики|Max крутящий момент , Нм|32
Характеристики|Жестк. вращ. момент, Нм|32
Характеристики|Мягк.вращ. момент, Нм|16
Характеристики|Число скоростей|2
Характеристики|Частота вращения шпинделя, об/мин|0-400/0-1400
Характеристики|Число ступеней крутящего момента|20+1
Характеристики|Max диаметр шурупа, мм|6
Характеристики|Max диаметр сверления (металл), мм|10
Характеристики|Мах диаметр сверления (дерево), мм|20
Характеристики|Тип аккумулятора|Ni-Cd
Характеристики|Напряжение аккумулятора, В|12
Характеристики|Емкость аккумулятора, А*ч|1.5
Характеристики|Устройство аккумулятора|слайдер
Характеристики|Время заряда, ч|1
Характеристики|Количество аккумуляторов в комплекте|2
Характеристики|Габариты без упаковки, мм|200х81х240
Характеристики|Вес нетто, кг|1,5
";catalog/goods/stroitelnyj-instrument/shurupoverty/727288/1200x800/51472072.jpg;1;akkumuljatornaja-drel-shurupovert-interskol-da-1012m3-3310200
00000009556;ДА-10/12М3;Аккумуляторная дрель-шуруповерт Интерскол ДА-10/12М3 331.0.2.00;Инструменты|Электроинструмент|Дрели-шуруповерты;Инструменты|Электроинструмент|Дрели-шуруповерты;Интерскол;Аккумуляторная дрель-шуруповерт Интерскол ДА-10/12М3 331.0.2.00 снабжена одномуфтовым патроном с блокировкой шпинделя, что обеспечивает простую смену оснастки. Корпус, рукоятка и аккумуляторная батарея имеют резиновые вставки, благодаря чему удерживать инструмент гораздо удобнее. Встроенная подсветка позволяет работать даже при плохом освещении. Модель поставляется в чемодане.;"Характеристики|Тип|аккумуляторный
Характеристики|Тип двигателя|щеточный
Характеристики|Наличие удара|нет
Характеристики|Ленточные (магазинные)|нет
Характеристики|Наличие реверса|да
Характеристики|Наличие подсветки|да
Характеристики|Тип патрона|быстрозажимной
Характеристики|Крепление патрона|3/8
Характеристики|Блокировка шпинделя|да
Характеристики|Размер зажимаемой оснастки, мм|0.8-10
Характеристики|Max крутящий момент , Нм|32
Характеристики|Жестк. вращ. момент, Нм|32
Характеристики|Мягк.вращ. момент, Нм|16
Характеристики|Число скоростей|2
Характеристики|Частота вращения шпинделя, об/мин|0-400/0-1400
Характеристики|Число ступеней крутящего момента|20+1
Характеристики|Max диаметр шурупа, мм|6
Характеристики|Max диаметр сверления (металл), мм|10
Характеристики|Мах диаметр сверления (дерево), мм|20
Характеристики|Тип аккумулятора|Ni-Cd
Характеристики|Напряжение аккумулятора, В|12
Характеристики|Емкость аккумулятора, А*ч|1.5
Характеристики|Устройство аккумулятора|слайдер
Характеристики|Время заряда, ч|1
Характеристики|Количество аккумуляторов в комплекте|2
Характеристики|Габариты без упаковки, мм|200х81х240
Характеристики|Вес нетто, кг|1,5
";catalog/goods/stroitelnyj-instrument/shurupoverty/727288/1200x800/51472072.jpg;1;akkumuljatornaja-drel-shurupovert-interskol-da-1012m3-3310200
00000010039;ДА-10/14,4М3;Аккумуляторная дрель-шуруповерт Интерскол ДА-10/14,4М3 332.0.1.40;Инструменты|Электроинструмент|Дрели-шуруповерты;Инструменты|Электроинструмент|Дрели-шуруповерты;Интерскол;"Аккумуляторная дрель-шуруповерт Интерскол ДА-10/14,4М3 332.0.1.40 применяется для закручивания шурупов/саморезов и сверлильных работ.
Реверс дает возможность демонтировать застрявшую в материале оснастку, что экономит время и силы.
Две скорости позволяют справляться с любым материалом в зависимости от поставленной задачи.
Блокировка шпинделя обеспечивает дополнительную безопасность оператору и сохраняет от поломки двигатель.";"Характеристики|Тип|аккумуляторный
Характеристики|Тип двигателя|щеточный
Характеристики|Наличие удара|нет
Характеристики|Ленточные (магазинные)|нет
Характеристики|Наличие реверса|да
Характеристики|Наличие подсветки|да
Характеристики|Тип патрона|быстрозажимной
Характеристики|Блокировка шпинделя|да
Характеристики|Размер зажимаемой оснастки, мм|0.8-10
Характеристики|Max крутящий момент , Нм|34
Характеристики|Жестк. вращ. момент, Нм|34
Характеристики|Число скоростей|2
Характеристики|Частота вращения шпинделя, об/мин|0-400/0-1400
Характеристики|Число ступеней крутящего момента|20+1
Характеристики|Max диаметр шурупа, мм|6
Характеристики|Max диаметр сверления (металл), мм|10
Характеристики|Мах диаметр сверления (дерево), мм|25
Характеристики|Тип аккумулятора|Ni-Cd
Характеристики|Напряжение аккумулятора, В|14.4
Характеристики|Емкость аккумулятора, А*ч|1.5
Характеристики|Устройство аккумулятора|обойма
Характеристики|Время заряда, ч|1
Характеристики|Количество аккумуляторов в комплекте|2
Характеристики|Габариты без упаковки, мм|111х81х110
Характеристики|Вес нетто, кг|1,6
";catalog/goods/stroitelnyj-instrument/shurupoverty/959013/1200x800/51547331.jpg;1;akkumuljatornaja-drel-shurupovert-interskol-da-10144m3-3320140
00000010389;ДА-10/14,4М3-ф;Аккумуляторная дрель-шуруповерт Интерскол ДА-10/14,4М3-Ф Т + фонарь 333.0.1.40;Инструменты|Электроинструмент|Дрели-шуруповерты;Инструменты|Электроинструмент|Дрели-шуруповерты;Интерскол;"Аккумуляторная дрель-шуруповерт Интерскол ДА-10/14,4М3-Ф Т предназначена для профессионального использования. На инструменте можно выставить один из 20 возможных вариантов крутящего момента или режим сверления в зависимости от выполняемой задачи. Для легкого выкручивания сверла из материала и выворачивания крепежа, модель оснащена функцией реверса. Чемодан удобен для хранения и транспортировки инструментов. 
Светодиодный фонарь на одной зарядке светит не менее 7 часов.";"Характеристики|Тип|аккумуляторный
Характеристики|Тип двигателя|щеточный
Характеристики|Наличие удара|нет
Характеристики|Ленточные (магазинные)|нет
Характеристики|Наличие реверса|да
Характеристики|Наличие подсветки|да
Характеристики|Тип патрона|быстрозажимной
Характеристики|Блокировка шпинделя|да
Характеристики|Число скоростей|2
Характеристики|Частота вращения шпинделя, об/мин|0-400/0-1400
Характеристики|Число ступеней крутящего момента|20+1
Характеристики|Max диаметр шурупа, мм|6
Характеристики|Max диаметр сверления (металл), мм|10
Характеристики|Мах диаметр сверления (дерево), мм|25
Характеристики|Тип аккумулятора|Ni-Cd
Характеристики|Напряжение аккумулятора, В|14.4
Характеристики|Емкость аккумулятора, А*ч|1.5
Характеристики|Устройство аккумулятора|слайдер
Характеристики|Количество аккумуляторов в комплекте|1
Характеристики|Вес нетто, кг|1,6
";catalog/goods/stroitelnyj-instrument/shurupoverty/727324/1200x800/51785018.jpg;1;akkumuljatornaja-drel-shurupovert-interskol-da-10144m3-f-t-fonar-3330140
00000000543;ДА-10/14,4С2;Аккумуляторная дрель-шуруповерт Интерскол ДА-10/14,4С2 214.0.2.01;Инструменты|Электроинструмент|Дрели-шуруповерты;Инструменты|Электроинструмент|Дрели-шуруповерты;Интерскол;Аккумуляторная дрель-шуруповерт Интерскол ДА-10/14,4С2 214.0.2.01 работает от никель-кадмиевого аккумулятора 14,4 В. Инструмент имеет автоматическую блокировку шпинделя, светодиодную подсветку рабочей зоны. Одномуфтовый быстрозажимной патрон позволяет быстро менять оснастку. Рукоятка с резиновыми вставками обеспечивает комфортную работу оператора. Данная модель широко используется при сборке мебели, выполнении ремонтных и отделочных работ в зданиях и на улице.;"Характеристики|Тип|аккумуляторный
Характеристики|Тип двигателя|щеточный
Характеристики|Наличие удара|нет
Характеристики|Ленточные (магазинные)|нет
Характеристики|Наличие реверса|да
Характеристики|Наличие подсветки|да
Характеристики|Тип патрона|быстрозажимной
Характеристики|Крепление патрона|3/8
Характеристики|Блокировка шпинделя|да
Характеристики|Размер зажимаемой оснастки, мм|0.8-10
Характеристики|Max крутящий момент , Нм|18
Характеристики|Жестк. вращ. момент, Нм|18
Характеристики|Мягк.вращ. момент, Нм|12
Характеристики|Число скоростей|2
Характеристики|Частота вращения шпинделя, об/мин|0-350/0-1250
Характеристики|Число ступеней крутящего момента|15+1
Характеристики|Max диаметр сверления (металл), мм|10
Характеристики|Мах диаметр сверления (дерево), мм|20
Характеристики|Тип аккумулятора|Ni-Cd
Характеристики|Напряжение аккумулятора, В|14.4
Характеристики|Емкость аккумулятора, А*ч|1.5
Характеристики|Устройство аккумулятора|слайдер
Характеристики|Время заряда, ч|1
Характеристики|Количество аккумуляторов в комплекте|2
Характеристики|Вес нетто, кг|1,58
";catalog/goods/stroitelnyj-instrument/shurupoverty/697457/1200x800/52098206.jpg;1;akkumuljatornaja-drel-shurupovert-interskol-da-10144s2-2140201
00000009562;ДА-12ЭР-02;Аккумуляторная дрель-шуруповерт Интерскол ДА-12ЭР-02 534.0.2.01;Инструменты|Электроинструмент|Дрели-шуруповерты;Инструменты|Электроинструмент|Дрели-шуруповерты;Интерскол;"Аккумуляторная дрель-шуруповерт Интерскол ДА-12ЭР-02 534.0.2.01 подходит для интенсивного использования в домашних условиях. Позволяет сверлить отверстия в древесине и металле, а также откручивать/закручивать крепеж.
Муфта ограничения усилия с 18+1 позициями регулировки дает возможность настроить оптимальное усилие затяжки для любой задачи.
Двухскоростной редуктор оснащен металлическими шестернями, что обеспечивает высокую эффективность и долгий срок службы.
Благодаря контроллеру с функцией отключения двигателя при перегрузке достигается безопасность в эксплуатации дрели.
С помощью быстрозажимного патрона можно легко и быстро заменить оснастку.";"Характеристики|Тип|аккумуляторный
Характеристики|Тип двигателя|щеточный
Характеристики|Наличие удара|нет
Характеристики|Ленточные (магазинные)|нет
Характеристики|Наличие реверса|да
Характеристики|Наличие подсветки|да
Характеристики|Тормоз двигателя|есть
Характеристики|Тип патрона|быстрозажимной
Характеристики|Блокировка шпинделя|да
Характеристики|Размер зажимаемой оснастки, мм|0.8-10
Характеристики|Max крутящий момент , Нм|30
Характеристики|Жестк. вращ. момент, Нм|30
Характеристики|Мягк.вращ. момент, Нм|15
Характеристики|Число скоростей|2
Характеристики|Частота вращения шпинделя, об/мин|0-400/0-1400
Характеристики|Число ступеней крутящего момента|18+1
Характеристики|Max диаметр шурупа, мм|5
Характеристики|Max диаметр сверления (металл), мм|10
Характеристики|Мах диаметр сверления (дерево), мм|20
Характеристики|Тип аккумулятора|Li-Ion
Характеристики|Напряжение аккумулятора, В|12
Характеристики|Емкость аккумулятора, А*ч|1.5
Характеристики|Устройство аккумулятора|обойма
Характеристики|Время заряда, ч|1
Характеристики|Количество аккумуляторов в комплекте|2
Характеристики|Габариты без упаковки, мм|180х52х185
Характеристики|Вес нетто, кг|0,96
";catalog/goods/stroitelnyj-instrument/shurupoverty/959001/1200x800/54572159.jpg,catalog/goods/stroitelnyj-instrument/shurupoverty/959001/1200x800/54572160.jpg,catalog/goods/stroitelnyj-instrument/shurupoverty/959001/1200x800/54572161.jpg,catalog/goods/stroitelnyj-instrument/shurupoverty/959001/1200x800/54572162.jpg,catalog/goods/stroitelnyj-instrument/shurupoverty/959001/1200x800/54572163.jpg;1;akkumuljatornaja-drel-shurupovert-interskol-da-12er-02-5340201
00000011932;11932;Аккумуляторная дрель-шуруповерт Интерскол ДА-14.4 ЭР-Ф;Инструменты|Электроинструмент|Дрели-шуруповерты;Инструменты|Электроинструмент|Дрели-шуруповерты;Интерскол;Аккумуляторная дрель-шуруповерт Интерскол ДА-14.4 ЭР-Ф - двухскоростной инструмент для заворачивания и выворачивания шурупов. Мощности дрели хватает для засверливания отверстий в стали диаметром до 10мм и до 18мм в дереве.   Дрель комплектуется фонарем, который позволит проводить работы в  слабоосвещенных местах.;"Характеристики|Тип|аккумуляторный
Характеристики|Тип двигателя|щеточный
Характеристики|Наличие удара|нет
Характеристики|Ленточные (магазинные)|нет
Характеристики|Наличие реверса|да
Характеристики|Наличие подсветки|да
Характеристики|Тип патрона|быстрозажимной
Характеристики|Крепление патрона|3/8
Характеристики|Блокировка шпинделя|да
Характеристики|Размер зажимаемой оснастки, мм|1.5-13
Характеристики|Max крутящий момент , Нм|12
Характеристики|Жестк. вращ. момент, Нм|12
Характеристики|Мягк.вращ. момент, Нм|8.5
Характеристики|Число скоростей|2
Характеристики|Частота вращения шпинделя, об/мин|0-400;0-1100
Характеристики|Число ступеней крутящего момента|15+1
Характеристики|Max диаметр шурупа, мм|6
Характеристики|Max диаметр сверления (металл), мм|10
Характеристики|Мах диаметр сверления (дерево), мм|18
Характеристики|Тип аккумулятора|Ni-Cd
Характеристики|Напряжение аккумулятора, В|14.4
Характеристики|Емкость аккумулятора, А*ч|1.5
Характеристики|Устройство аккумулятора|обойма
Характеристики|Время заряда, ч|1
Характеристики|Количество аккумуляторов в комплекте|2
Характеристики|Вес нетто, кг|1,9
";catalog/goods/stroitelnyj-instrument/shurupoverty/57464/1200x800/51066533.jpg;1;akkumuljatornaja-drel-shurupovert-interskol-da-144-er-f
00000004198;ДА-14,4ЭР ДМ;Аккумуляторная дрель-шуруповерт Интерскол ДА-14.4ЭР 535.0.2.01;Инструменты|Электроинструмент|Дрели-шуруповерты;Инструменты|Электроинструмент|Дрели-шуруповерты;Интерскол;"Аккумуляторная дрель-шуруповерт Интерскол ДА-14.4ЭР 535.0.2.01 применяется для сверления отверстий и заворачивания крепежных элементов. Имеет увеличенный крутящий момент, что повышает эффективность работы.
LED-подсветка оптимально освещает пространство при работе в затемненных помещениях.
Быстрозажимной патрон с автолоком шпинделя помогает легко заменить оснастку.
Индикатор уровня остаточного заряда дает возможность следить за состоянием аккумулятора.";"Характеристики|Тип|аккумуляторный
Характеристики|Тип двигателя|щеточный
Характеристики|Наличие удара|нет
Характеристики|Ленточные (магазинные)|нет
Характеристики|Наличие реверса|да
Характеристики|Наличие подсветки|да
Характеристики|Тип патрона|быстрозажимной
Характеристики|Блокировка шпинделя|да
Характеристики|Размер зажимаемой оснастки, мм|0.8-10
Характеристики|Max крутящий момент , Нм|35
Характеристики|Жестк. вращ. момент, Нм|35
Характеристики|Мягк.вращ. момент, Нм|19
Характеристики|Число скоростей|2
Характеристики|Частота вращения шпинделя, об/мин|0-400/0-1400
Характеристики|Число ступеней крутящего момента|18+1
Характеристики|Max диаметр шурупа, мм|5
Характеристики|Max диаметр сверления (металл), мм|10
Характеристики|Мах диаметр сверления (дерево), мм|22
Характеристики|Тип аккумулятора|Li-Ion
Характеристики|Напряжение аккумулятора, В|14.4
Характеристики|Емкость аккумулятора, А*ч|1.5
Характеристики|Устройство аккумулятора|слайдер
Характеристики|Время заряда, ч|1
Характеристики|Количество аккумуляторов в комплекте|2
Характеристики|Габариты без упаковки, мм|180х52х205
Характеристики|Вес нетто, кг|1,2
";catalog/goods/stroitelnyj-instrument/shurupoverty/959004/1200x800/52290030.jpg;1;akkumuljatornaja-drel-shurupovert-interskol-da-144er-5350201
00000000544;ДА-18-ЭР;Аккумуляторная дрель-шуруповёрт Интерскол ДА-10/18 ЭР;Инструменты|Электроинструмент|Дрели-шуруповерты;Инструменты|Электроинструмент|Дрели-шуруповерты;Интерскол;Аккумуляторная дрель-шуруповёрт Интерскол ДА-10/18 ЭР имеет две скорости, предназначена для сверления различных материалов, а также для закручивания крепежных элементов. Подсветка рабочей зоны обеспечивает работу в слабоосвещенных помещениях. Небольшой вес делает длительную работу более комфортной.;"Характеристики|Тип|аккумуляторный
Характеристики|Тип двигателя|щеточный
Характеристики|Наличие удара|нет
Характеристики|Ленточные (магазинные)|нет
Характеристики|Наличие реверса|да
Характеристики|Наличие подсветки|да
Характеристики|Тип патрона|быстрозажимной
Характеристики|Крепление патрона|3/8
Характеристики|Блокировка шпинделя|нет
Характеристики|Размер зажимаемой оснастки, мм|0.8-10
Характеристики|Max крутящий момент , Нм|16
Характеристики|Жестк. вращ. момент, Нм|16
Характеристики|Мягк.вращ. момент, Нм|12
Характеристики|Число скоростей|2
Характеристики|Частота вращения шпинделя, об/мин|400;1100
Характеристики|Число ступеней крутящего момента|15+1
Характеристики|Max диаметр шурупа, мм|6
Характеристики|Max диаметр сверления (металл), мм|10
Характеристики|Мах диаметр сверления (дерево), мм|30
Характеристики|Тип аккумулятора|Li-Ion
Характеристики|Напряжение аккумулятора, В|18
Характеристики|Емкость аккумулятора, А*ч|1.3
Характеристики|Время заряда, ч|1
Характеристики|Количество аккумуляторов в комплекте|2
Характеристики|Вес нетто, кг|1,36
";catalog/goods/stroitelnyj-instrument/shurupoverty/60899/1200x800/51076547.jpg,catalog/goods/stroitelnyj-instrument/shurupoverty/60899/1200x800/51076548.jpg;1;akkumuljatornaja-drel-shurupovert-interskol-da-1018-er
00000011731;ДА-18-ЭР;Аккумуляторная дрель-шуруповёрт Интерскол ДА-10/18 ЭР;Инструменты|Электроинструмент|Дрели-шуруповерты;Инструменты|Электроинструмент|Дрели-шуруповерты;Интерскол;Аккумуляторная дрель-шуруповёрт Интерскол ДА-10/18 ЭР имеет две скорости, предназначена для сверления различных материалов, а также для закручивания крепежных элементов. Подсветка рабочей зоны обеспечивает работу в слабоосвещенных помещениях. Небольшой вес делает длительную работу более комфортной.;"Характеристики|Тип|аккумуляторный
Характеристики|Тип двигателя|щеточный
Характеристики|Наличие удара|нет
Характеристики|Ленточные (магазинные)|нет
Характеристики|Наличие реверса|да
Характеристики|Наличие подсветки|да
Характеристики|Тип патрона|быстрозажимной
Характеристики|Крепление патрона|3/8
Характеристики|Блокировка шпинделя|нет
Характеристики|Размер зажимаемой оснастки, мм|0.8-10
Характеристики|Max крутящий момент , Нм|16
Характеристики|Жестк. вращ. момент, Нм|16
Характеристики|Мягк.вращ. момент, Нм|12
Характеристики|Число скоростей|2
Характеристики|Частота вращения шпинделя, об/мин|400;1100
Характеристики|Число ступеней крутящего момента|15+1
Характеристики|Max диаметр шурупа, мм|6
Характеристики|Max диаметр сверления (металл), мм|10
Характеристики|Мах диаметр сверления (дерево), мм|30
Характеристики|Тип аккумулятора|Li-Ion
Характеристики|Напряжение аккумулятора, В|18
Характеристики|Емкость аккумулятора, А*ч|1.3
Характеристики|Время заряда, ч|1
Характеристики|Количество аккумуляторов в комплекте|2
Характеристики|Вес нетто, кг|1,36
";catalog/goods/stroitelnyj-instrument/shurupoverty/60899/1200x800/51076547.jpg,catalog/goods/stroitelnyj-instrument/shurupoverty/60899/1200x800/51076548.jpg;1;akkumuljatornaja-drel-shurupovert-interskol-da-1018-er
00000000551;ДШ-10/260Э;Сетевая дрель-шуруповерт ИНТЕРСКОЛ ДШ-10/260Э 210.1.1.00;Инструменты|Электроинструмент|Дрели-шуруповерты;Инструменты|Электроинструмент|Дрели-шуруповерты;Интерскол;"Сетевая дрель-шуруповерт ИНТЕРСКОЛ ДШ-10/260Э 210.1.1.00 предназначена для отделочных и ремонтных работ в домашних условиях. Помогает просверлить отверстия и закрутить/открутить крепеж.
Быстрозажимной патрон сокращает время на замену оснастки.
Дрель всегда готова к работе - нет необходимости следить за зарядом аккумулятора.
Плавная электронная регулировка оборотов позволяет подобрать оптимальный режим в зависимости от особенностей материала.";"Характеристики|Тип|сетевой
Характеристики|Мощность, Вт|260
Характеристики|Тип двигателя|щеточный
Характеристики|Ленточные (магазинные)|нет
Характеристики|Наличие подсветки|нет
Характеристики|Наличие реверса|да
Характеристики|Тип патрона|быстрозажимной
Характеристики|Размер зажимаемой оснастки, мм|0.8-10
Характеристики|Число скоростей|1
Характеристики|Регулировка частоты вращения|есть
Характеристики|Наличие удара|нет
Характеристики|Регулировка глубины завинчивания|нет
Характеристики|Max диаметр шурупа, мм|6
Характеристики|Max крутящий момент , Нм|25
Характеристики|Max диаметр сверления (металл), мм|10
Характеристики|Мах диаметр сверления (дерево), мм|20
Характеристики|Габариты без упаковки, мм|250x60x210
Характеристики|Вес нетто, кг|1,3
Характеристики|Частота вращения шпинделя, об/мин|0-800
Характеристики|Число ступеней крутящего момента|20+1
Характеристики|Жестк. вращ. момент, Нм|25
Характеристики|Длина кабеля, м|2
";catalog/goods/stroitelnyj-instrument/shurupoverty/1123036/1200x800/52360507.jpg,catalog/goods/stroitelnyj-instrument/shurupoverty/1123036/1200x800/52360508.jpg,catalog/goods/stroitelnyj-instrument/shurupoverty/1123036/1200x800/52360509.jpg;1;setevaja-drel-shurupovert-interskol-dsh-10260e-2101100
00000000552;ДШ-10/260Э2;Сетевая дрель-шуруповерт ИНТЕРСКОЛ ДШ-10/260Э2 211.1.1.00;Инструменты|Электроинструмент|Дрели-шуруповерты;Инструменты|Электроинструмент|Дрели-шуруповерты;Интерскол;"Сетевая дрель-шуруповерт ИНТЕРСКОЛ ДШ-10/260Э2 211.1.1.00 - надежный инструмент для бытовой эксплуатации. Сверлит отверстия в древесине, металле и пластике, а также закручивает/откручивает крепеж. Имеет двухскоростной редуктор.
Быстрозажимной патрон сокращает время на замену оснастки.
Дрель всегда готова к работе - нет необходимости следить за зарядом аккумулятора.
Плавная электронная регулировка оборотов позволяет подобрать оптимальный режим в зависимости от особенностей материала.";"Характеристики|Тип|сетевой
Характеристики|Мощность, Вт|260
Характеристики|Тип двигателя|щеточный
Характеристики|Ленточные (магазинные)|нет
Характеристики|Наличие подсветки|нет
Характеристики|Наличие реверса|да
Характеристики|Тип патрона|быстрозажимной
Характеристики|Размер зажимаемой оснастки, мм|0.8-10
Характеристики|Число скоростей|2
Характеристики|Регулировка частоты вращения|есть
Характеристики|Наличие удара|нет
Характеристики|Регулировка глубины завинчивания|нет
Характеристики|Max диаметр шурупа, мм|6
Характеристики|Max крутящий момент , Нм|35
Характеристики|Max диаметр сверления (металл), мм|10
Характеристики|Мах диаметр сверления (дерево), мм|25
Характеристики|Габариты без упаковки, мм|250x60x210
Характеристики|Вес нетто, кг|1,4
Характеристики|Частота вращения шпинделя, об/мин|0-450/0-1800
Характеристики|Число ступеней крутящего момента|20+1
Характеристики|Жестк. вращ. момент, Нм|35
Характеристики|Длина кабеля, м|2
";catalog/goods/stroitelnyj-instrument/shurupoverty/1123038/1200x800/51239391.jpg;1;setevaja-drel-shurupovert-interskol-dsh-10260e2-2111100
00000009498;ДШ-10/320Э;Сетевая дрель-шуруповерт Интерскол ДШ-10/320Э2 220.1.1.00;Инструменты|Электроинструмент|Дрели-шуруповерты;Инструменты|Электроинструмент|Дрели-шуруповерты;Интерскол;Сетевая дрель-шуруповерт Интерскол ДШ-10/320Э2 220.1.1.00 предназначена для сверления отверстий в различных конструкциях, а также для заворачивания/отворачивания винтов и шурупов. С помощью муфты регулировки крутящего момента можно выставить необходимую под конкретный материал величину момента затяжки.;"Характеристики|Тип|сетевой
Характеристики|Мощность, Вт|320
Характеристики|Ленточные (магазинные)|нет
Характеристики|Наличие подсветки|нет
Характеристики|Наличие реверса|да
Характеристики|Тип патрона|быстрозажимной
Характеристики|Размер зажимаемой оснастки, мм|0.8-10
Характеристики|Число скоростей|2
Характеристики|Наличие удара|нет
Характеристики|Регулировка глубины завинчивания|нет
Характеристики|Max диаметр шурупа, мм|6
Характеристики|Max крутящий момент , Нм|35
Характеристики|Max диаметр сверления (металл), мм|10
Характеристики|Мах диаметр сверления (дерево), мм|25
Характеристики|Габариты без упаковки, мм|250х70х200
Характеристики|Вес нетто, кг|1,4
Характеристики|Частота вращения шпинделя, об/мин|0–450/0–1800
Характеристики|Число ступеней крутящего момента|20+1
Характеристики|Длина кабеля, м|2
";catalog/goods/stroitelnyj-instrument/shurupoverty/702605/1200x800/55700380.jpg,catalog/goods/stroitelnyj-instrument/shurupoverty/702605/1200x800/55700386.jpg,catalog/goods/stroitelnyj-instrument/shurupoverty/702605/1200x800/55700392.jpg,catalog/goods/stroitelnyj-instrument/shurupoverty/702605/1200x800/55700398.jpg,catalog/goods/stroitelnyj-instrument/shurupoverty/702605/1200x800/55700404.jpg,catalog/goods/stroitelnyj-instrument/shurupoverty/702605/1200x800/55700410.jpg,catalog/goods/stroitelnyj-instrument/shurupoverty/702605/1200x800/55700416.jpg;1;setevaja-drel-shurupovert-interskol-dsh-10320e2-2201100
00000018669;75/14/4;Аккумуляторная дрель-шуруповерт Ресанта ДА-14-2ЛК 75/14/4;Инструменты|Электроинструмент|Дрели-шуруповерты;Инструменты|Электроинструмент|Дрели-шуруповерты;Ресанта;"Аккумуляторная дрель-шуруповерт Ресанта ДА-14-2ЛК 75/14/4 оснащена быстрозамным патроном, благодаря чему смена оснастки не занимает много времени. Это гарантирует комфорт во время работы.
Двухскоростной редуктор и электронная регулировка оборотов расширяют сферу применения.
Эргономичная ручка обеспечивает удобный захват, что позволяет работать продолжительное время без чувства усталости.";"Характеристики|Тип|аккумуляторный
Характеристики|Тип двигателя|щеточный
Характеристики|Ленточные (магазинные)|нет
Характеристики|Наличие реверса|да
Характеристики|Наличие подсветки|да
Характеристики|Тормоз двигателя|нет
Характеристики|Тип патрона|быстрозажимной
Характеристики|Блокировка шпинделя|нет
Характеристики|Размер зажимаемой оснастки, мм|0.8-10
Характеристики|Max крутящий момент , Нм|45
Характеристики|Жестк. вращ. момент, Нм|45
Характеристики|Мягк.вращ. момент, Нм|23
Характеристики|Число скоростей|2
Характеристики|Частота вращения шпинделя, об/мин|0-400/0-1400
Характеристики|Число ступеней крутящего момента|21+1
Характеристики|Max диаметр сверления (металл), мм|10
Характеристики|Мах диаметр сверления (дерево), мм|25
Характеристики|Тип аккумулятора|Li-Ion
Характеристики|Напряжение аккумулятора, В|14.4
Характеристики|Емкость аккумулятора, А*ч|2
Характеристики|Устройство аккумулятора|слайдер
Характеристики|Время заряда, ч|1
Характеристики|Количество аккумуляторов в комплекте|2
Характеристики|Вес нетто, кг|1,25
";catalog/goods/stroitelnyj-instrument/shurupoverty/1165360/1200x800/53796581.jpg,catalog/goods/stroitelnyj-instrument/shurupoverty/1165360/1200x800/60015852.jpg,catalog/goods/stroitelnyj-instrument/shurupoverty/1165360/1200x800/53699525.jpg,catalog/goods/stroitelnyj-instrument/shurupoverty/1165360/1200x800/53654410.jpg,catalog/goods/stroitelnyj-instrument/shurupoverty/1165360/1200x800/53699527.jpg,catalog/goods/stroitelnyj-instrument/shurupoverty/1165360/1200x800/53654413.jpg,catalog/goods/stroitelnyj-instrument/shurupoverty/1165360/1200x800/53699524.jpg,catalog/goods/stroitelnyj-instrument/shurupoverty/1165360/1200x800/53663267.jpg,catalog/goods/stroitelnyj-instrument/shurupoverty/1165360/1200x800/53699526.jpg,catalog/goods/stroitelnyj-instrument/shurupoverty/1165360/1200x800/53663268.jpg,catalog/goods/stroitelnyj-instrument/shurupoverty/1165360/1200x800/53699528.jpg,catalog/goods/stroitelnyj-instrument/shurupoverty/1165360/1200x800/53699530.jpg,catalog/goods/stroitelnyj-instrument/shurupoverty/1165360/1200x800/53699529.jpg,catalog/goods/stroitelnyj-instrument/shurupoverty/1165360/1200x800/53663270.jpg,catalog/goods/stroitelnyj-instrument/shurupoverty/1165360/1200x800/53654415.jpg,catalog/goods/stroitelnyj-instrument/shurupoverty/1165360/1200x800/53654416.jpg,catalog/goods/stroitelnyj-instrument/shurupoverty/1165360/1200x800/53654417.jpg,catalog/goods/stroitelnyj-instrument/shurupoverty/1165360/1200x800/53654408.jpg,catalog/goods/stroitelnyj-instrument/shurupoverty/1165360/1200x800/53663269.jpg,catalog/goods/stroitelnyj-instrument/shurupoverty/1165360/1200x800/53699531.jpg,catalog/goods/stroitelnyj-instrument/shurupoverty/1165360/1200x800/53654418.jpg;1;akkumuljatornaja-drel-shurupovert-resanta-da-14-2lk-75144
00000012447;75/14/5;Аккумуляторная дрель-шуруповерт Ресанта ДА-18-2ЛК 75/14/5;Инструменты|Электроинструмент|Дрели-шуруповерты;Инструменты|Электроинструмент|Дрели-шуруповерты;Ресанта;"Аккумуляторная дрель-шуруповерт Ресанта ДА-18-2ЛК 75/14/5 позволяет сверлить отверстия в различных материалах, что увеличивает спектр работ.
Смена рабочих насадок производится мгновенно, без излишних усилий благодаря быстрозажимному патрону.
Питание инструмента осуществляется от съемной литий-ионной аккумуляторной батареи. Она не имеет эффекта памяти и саморазряда. Такой аккумулятор удобен в использовании.";"Характеристики|Тип|аккумуляторный
Характеристики|Тип двигателя|щеточный
Характеристики|Наличие удара|нет
Характеристики|Ленточные (магазинные)|нет
Характеристики|Наличие реверса|да
Характеристики|Наличие подсветки|да
Характеристики|Тормоз двигателя|нет
Характеристики|Тип патрона|быстрозажимной
Характеристики|Блокировка шпинделя|нет
Характеристики|Размер зажимаемой оснастки, мм|0.8-10
Характеристики|Max крутящий момент , Нм|50
Характеристики|Жестк. вращ. момент, Нм|50
Характеристики|Число скоростей|2
Характеристики|Частота вращения шпинделя, об/мин|0-400/0-1400
Характеристики|Число ступеней крутящего момента|21+1
Характеристики|Max диаметр сверления (металл), мм|12
Характеристики|Мах диаметр сверления (дерево), мм|30
Характеристики|Тип аккумулятора|Li-Ion
Характеристики|Напряжение аккумулятора, В|18
Характеристики|Емкость аккумулятора, А*ч|2
Характеристики|Устройство аккумулятора|слайдер
Характеристики|Время заряда, ч|1
Характеристики|Количество аккумуляторов в комплекте|2
Характеристики|Вес нетто, кг|1,3
";catalog/goods/stroitelnyj-instrument/shurupoverty/1165362/1200x800/53770792.jpg,catalog/goods/stroitelnyj-instrument/shurupoverty/1165362/1200x800/60015882.jpg,catalog/goods/stroitelnyj-instrument/shurupoverty/1165362/1200x800/52869347.jpg,catalog/goods/stroitelnyj-instrument/shurupoverty/1165362/1200x800/53650598.jpg,catalog/goods/stroitelnyj-instrument/shurupoverty/1165362/1200x800/53650599.jpg,catalog/goods/stroitelnyj-instrument/shurupoverty/1165362/1200x800/53650600.jpg,catalog/goods/stroitelnyj-instrument/shurupoverty/1165362/1200x800/52869288.jpg,catalog/goods/stroitelnyj-instrument/shurupoverty/1165362/1200x800/52869289.jpg,catalog/goods/stroitelnyj-instrument/shurupoverty/1165362/1200x800/53650601.jpg,catalog/goods/stroitelnyj-instrument/shurupoverty/1165362/1200x800/51423324.jpg,catalog/goods/stroitelnyj-instrument/shurupoverty/1165362/1200x800/53650602.jpg,catalog/goods/stroitelnyj-instrument/shurupoverty/1165362/1200x800/52869290.jpg;1;akkumuljatornaja-drel-shurupovert-resanta-da-18-2lk-75145
00000018698;018698;Аккумуляторная дрель-шуруповерт Ресанта ДА-12-2ЛК 75/14/2;Инструменты|Электроинструмент|Дрели-шуруповерты;Инструменты|Электроинструмент|Дрели-шуруповерты;Ресанта;"Аккумуляторная дрель-шуруповерт Ресанта ДА-12-2ЛК 75/14/2 оснащена быстрозажимным патроном, что обеспечивает быструю смену оснастки.
Универсальность использования. Благодаря регулировке крутящего момента можно работать с материалами разной плотности.
Литий-ионная технология увеличивает срок службы аппарата и позволяет заряжать аккумулятор вне зависимости от степени его разрядки.";"Характеристики|Тип|аккумуляторный
Характеристики|Тип двигателя|щеточный
Характеристики|Наличие удара|нет
Характеристики|Ленточные (магазинные)|нет
Характеристики|Наличие реверса|да
Характеристики|Наличие подсветки|да
Характеристики|Тормоз двигателя|нет
Характеристики|Тип патрона|быстрозажимной
Характеристики|Блокировка шпинделя|нет
Характеристики|Размер зажимаемой оснастки, мм|0.8-10
Характеристики|Max крутящий момент , Нм|40
Характеристики|Жестк. вращ. момент, Нм|40
Характеристики|Число скоростей|2
Характеристики|Частота вращения шпинделя, об/мин|0-400/0-1400
Характеристики|Max диаметр сверления (металл), мм|10
Характеристики|Мах диаметр сверления (дерево), мм|20
Характеристики|Тип аккумулятора|Li-Ion
Характеристики|Напряжение аккумулятора, В|12
Характеристики|Емкость аккумулятора, А*ч|2
Характеристики|Устройство аккумулятора|обойма
Характеристики|Время заряда, ч|1
Характеристики|Количество аккумуляторов в комплекте|2
Характеристики|Вес нетто, кг|0,96
";catalog/goods/stroitelnyj-instrument/shurupoverty/1165335/1200x800/53785149.jpg,catalog/goods/stroitelnyj-instrument/shurupoverty/1165335/1200x800/60015876.jpg,catalog/goods/stroitelnyj-instrument/shurupoverty/1165335/1200x800/53724888.jpg,catalog/goods/stroitelnyj-instrument/shurupoverty/1165335/1200x800/53724889.jpg,catalog/goods/stroitelnyj-instrument/shurupoverty/1165335/1200x800/53724890.jpg,catalog/goods/stroitelnyj-instrument/shurupoverty/1165335/1200x800/53724891.jpg,catalog/goods/stroitelnyj-instrument/shurupoverty/1165335/1200x800/53724892.jpg,catalog/goods/stroitelnyj-instrument/shurupoverty/1165335/1200x800/53724893.jpg,catalog/goods/stroitelnyj-instrument/shurupoverty/1165335/1200x800/53724894.jpg,catalog/goods/stroitelnyj-instrument/shurupoverty/1165335/1200x800/53724895.jpg,catalog/goods/stroitelnyj-instrument/shurupoverty/1165335/1200x800/53724896.jpg,catalog/goods/stroitelnyj-instrument/shurupoverty/1165335/1200x800/53724897.jpg;1;akkumuljatornaja-drel-shurupovert-resanta-da-12-2lk-75142
00000019059;019059;Аккумуляторная дрель-шуруповерт Ресанта ДА-24-2ЛК 75/14/7;Инструменты|Электроинструмент|Дрели-шуруповерты;Инструменты|Электроинструмент|Дрели-шуруповерты;Ресанта;"Аккумуляторная дрель-шуруповерт Ресанта ДА-24-2ЛК 75/14/7 пригодится при проведении ремонта или строительстве. Сверлит отверстия в древесине и металле, а так же заворачивает/откручивает крепежные элементы.
Подсветка облегчает эксплуатацию инструмента в слабоосвещенных помещениях.
Благодаря бесключевому патрону замена оснастки производится легко и быстро.
Функция реверса помогает безопасно извлечь сверло из материала.";"Характеристики|Тип|аккумуляторный
Характеристики|Тип двигателя|щеточный
Характеристики|Наличие удара|нет
Характеристики|Ленточные (магазинные)|нет
Характеристики|Наличие реверса|да
Характеристики|Наличие подсветки|да
Характеристики|Тип патрона|быстрозажимной
Характеристики|Блокировка шпинделя|да
Характеристики|Размер зажимаемой оснастки, мм|0.8-10
Характеристики|Max крутящий момент , Нм|60
Характеристики|Жестк. вращ. момент, Нм|60
Характеристики|Мягк.вращ. момент, Нм|30
Характеристики|Число скоростей|2
Характеристики|Частота вращения шпинделя, об/мин|0-400/0-1400
Характеристики|Max диаметр сверления (металл), мм|12
Характеристики|Мах диаметр сверления (дерево), мм|30
Характеристики|Тип аккумулятора|Li-Ion
Характеристики|Напряжение аккумулятора, В|24
Характеристики|Емкость аккумулятора, А*ч|2
Характеристики|Устройство аккумулятора|обойма
Характеристики|Время заряда, ч|1
Характеристики|Количество аккумуляторов в комплекте|2
Характеристики|Вес нетто, кг|1,35
";catalog/goods/stroitelnyj-instrument/shurupoverty/1093494/1200x800/52165205.jpg,catalog/goods/stroitelnyj-instrument/shurupoverty/1093494/1200x800/60008772.jpg,catalog/goods/stroitelnyj-instrument/shurupoverty/1093494/1200x800/52165206.jpg,catalog/goods/stroitelnyj-instrument/shurupoverty/1093494/1200x800/52165207.jpg,catalog/goods/stroitelnyj-instrument/shurupoverty/1093494/1200x800/52165208.jpg;1;akkumuljatornaja-drel-shurupovert-resanta-da-24-2lk-75147
00000000798;50064;Аккумуляторная дрель-шуруповерт Ресанта ДА-24-2ЛК-У 75/14/8;Инструменты|Электроинструмент|Дрели-шуруповерты;Инструменты|Электроинструмент|Дрели-шуруповерты;Ресанта;"Аккумуляторная дрель-шуруповерт Ресанта ДА-24-2ЛК-У 75/14/8 применяется для сверления отверстий в древесине, металле, кирпиче, а так же закручивания крепежа. Незаменима при отделочных и ремонтных работах.
Подсветка облегчает эксплуатацию инструмента в слабоосвещенных помещениях.
Благодаря быстрозажимному патрону замена оснастки занимает минимум времени.
Функция реверса обеспечивает безопасное извлечение сверла из материала.";"Характеристики|Тип|аккумуляторный
Характеристики|Тип двигателя|щеточный
Характеристики|Наличие удара|есть
Характеристики|Тип удара|осевой
Характеристики|Ленточные (магазинные)|нет
Характеристики|Наличие реверса|да
Характеристики|Наличие подсветки|да
Характеристики|Тормоз двигателя|нет
Характеристики|Тип патрона|быстрозажимной
Характеристики|Блокировка шпинделя|да
Характеристики|Размер зажимаемой оснастки, мм|0.8-10
Характеристики|Max крутящий момент , Нм|60
Характеристики|Жестк. вращ. момент, Нм|60
Характеристики|Мягк.вращ. момент, Нм|30
Характеристики|Число ступеней крутящего момента|21+2
Характеристики|Число скоростей|2
Характеристики|Частота вращения шпинделя, об/мин|400/1400
Характеристики|Мах диаметр сверления (дерево), мм|30
Характеристики|Max диаметр сверления (металл), мм|12
Характеристики|Тип аккумулятора|Li-Ion
Характеристики|Напряжение аккумулятора, В|24
Характеристики|Емкость аккумулятора, А*ч|2
Характеристики|Устройство аккумулятора|обойма
Характеристики|Время заряда, ч|1
Характеристики|Количество аккумуляторов в комплекте|2
Характеристики|Вес нетто, кг|1,35
";catalog/goods/stroitelnyj-instrument/shurupoverty/1093490/1200x800/52897835.jpg,catalog/goods/stroitelnyj-instrument/shurupoverty/1093490/1200x800/60008760.jpg,catalog/goods/stroitelnyj-instrument/shurupoverty/1093490/1200x800/51304603.jpg,catalog/goods/stroitelnyj-instrument/shurupoverty/1093490/1200x800/51304604.jpg,catalog/goods/stroitelnyj-instrument/shurupoverty/1093490/1200x800/53663262.jpg,catalog/goods/stroitelnyj-instrument/shurupoverty/1093490/1200x800/51304605.jpg,catalog/goods/stroitelnyj-instrument/shurupoverty/1093490/1200x800/53663263.jpg,catalog/goods/stroitelnyj-instrument/shurupoverty/1093490/1200x800/51304606.jpg,catalog/goods/stroitelnyj-instrument/shurupoverty/1093490/1200x800/52897837.jpg,catalog/goods/stroitelnyj-instrument/shurupoverty/1093490/1200x800/53663264.jpg,catalog/goods/stroitelnyj-instrument/shurupoverty/1093490/1200x800/52897838.jpg,catalog/goods/stroitelnyj-instrument/shurupoverty/1093490/1200x800/53663265.jpg,catalog/goods/stroitelnyj-instrument/shurupoverty/1093490/1200x800/53663266.jpg;1;akkumuljatornaja-drel-shurupovert-resanta-da-24-2lk-u-75148
00000007896;ДА-14-2К-777;Аккумуляторный шуруповерт Электроприбор ДА-14-2ДМ;Инструменты|Электроинструмент|Дрели-шуруповерты;Инструменты|Электроинструмент|Дрели-шуруповерты;ЭЛЕКТРОПРИБОР;"Аккумуляторный шуруповерт Электроприбор ДА-14-2ДМ предназначена для автономного сверления и завинчивания/вывинчивания винтов и шурупов в металле, дереве и пластике. Малый вес, эргономичный сбалансированный корпус и отсутствие проводов питания позволяют комфортно работать в труднодоступных местах, на высотах, а так же в условиях, где нет электрической сети.

Быстрая зарядка аккумулятора (1 час)
Наличие реверса
Легкое извлечение аккумулятора
2-скоростной редуктор
Простая и быстрая смена оснастки: быстрозажимной патрон
Подсветка рабочей зоны
18 ступеней крутящего момента
Удобная прорезиненная эргономичная рукоятка для надежного хвата
2 аккумулятора и зарядное устройство для продолжительной и непрерывной работы с инструментом
Инструмент работает на литий-ионных аккумуляторах, которые отличаются легкостью и мощностью, отсутствием саморазряда и эффекта памяти";"Характеристики|Тип|аккумуляторный
Характеристики|Тип двигателя|щеточный
Характеристики|Наличие удара|нет
Характеристики|Ленточные (магазинные)|нет
Характеристики|Наличие реверса|да
Характеристики|Наличие подсветки|да
Характеристики|Тип патрона|быстрозажимной
Характеристики|Размер зажимаемой оснастки, мм|0.8-10
Характеристики|Max крутящий момент , Нм|25
Характеристики|Жестк. вращ. момент, Нм|25
Характеристики|Число скоростей|2
Характеристики|Частота вращения шпинделя, об/мин|0-350/0-1300
Характеристики|Число ступеней крутящего момента|18+1
Характеристики|Max диаметр сверления (металл), мм|8
Характеристики|Мах диаметр сверления (дерево), мм|14
Характеристики|Тип аккумулятора|Li-Ion
Характеристики|Напряжение аккумулятора, В|14.4
Характеристики|Емкость аккумулятора, А*ч|2
Характеристики|Время заряда, ч|1
Характеристики|Количество аккумуляторов в комплекте|2
Характеристики|Габариты без упаковки, мм|290х270х90
Характеристики|Вес нетто, кг|2,5
";catalog/goods/stroitelnyj-instrument/shurupoverty/2199483/1200x800/54598737.jpg,catalog/goods/stroitelnyj-instrument/shurupoverty/2199483/1200x800/54598738.jpg,catalog/goods/stroitelnyj-instrument/shurupoverty/2199483/1200x800/54598739.jpg,catalog/goods/stroitelnyj-instrument/shurupoverty/2199483/1200x800/54598740.jpg;1;akkumuljatornyj-shurupovert-elektropribor-da-14-2dm
00000008100;ДА-18-2К-777;Аккумуляторный шуруповерт Электроприбор ДА-18-2ДМ;Инструменты|Электроинструмент|Дрели-шуруповерты;Инструменты|Электроинструмент|Дрели-шуруповерты;ЭЛЕКТРОПРИБОР;"Аккумуляторный шуруповерт Электроприбор ДА-18-2ДМ предназначена для автономного сверления и завинчивания/вывинчивания винтов и шурупов в металле, дереве и пластике. Малый вес, эргономичный сбалансированный корпус и отсутствие проводов питания позволяют комфортно работать в труднодоступных местах, на высотах, а так же в условиях, где нет электрической сети.

Быстрая зарядка аккумулятора (1 час)
Наличие реверса
Легкое извлечение аккумулятора
2-скоростной редуктор
Простая и быстрая смена оснастки: быстрозажимной патрон
Подсветка рабочей зоны
18 ступеней крутящего момента
Удобная прорезиненная эргономичная рукоятка для надежного хвата
2 аккумулятора и зарядное устройство для продолжительной и непрерывной работы с инструментом
Инструмент работает на литий-ионных аккумуляторах, которые отличаются легкостью и мощностью, отсутствием саморазряда и эффекта памяти";"Характеристики|Тип|аккумуляторный
Характеристики|Тип двигателя|щеточный
Характеристики|Наличие удара|нет
Характеристики|Ленточные (магазинные)|нет
Характеристики|Наличие реверса|да
Характеристики|Наличие подсветки|да
Характеристики|Тип патрона|быстрозажимной
Характеристики|Блокировка шпинделя|нет
Характеристики|Размер зажимаемой оснастки, мм|0.8-10
Характеристики|Max крутящий момент , Нм|28
Характеристики|Жестк. вращ. момент, Нм|28
Характеристики|Число скоростей|2
Характеристики|Частота вращения шпинделя, об/мин|0-350/0-1300
Характеристики|Число ступеней крутящего момента|18+1
Характеристики|Max диаметр сверления (металл), мм|8
Характеристики|Мах диаметр сверления (дерево), мм|14
Характеристики|Тип аккумулятора|Li-Ion
Характеристики|Напряжение аккумулятора, В|18
Характеристики|Емкость аккумулятора, А*ч|2
Характеристики|Устройство аккумулятора|слайдер
Характеристики|Время заряда, ч|1
Характеристики|Количество аккумуляторов в комплекте|2
Характеристики|Габариты без упаковки, мм|290х270х90
Характеристики|Вес нетто, кг|2,5
";catalog/goods/stroitelnyj-instrument/shurupoverty/2199484/1200x800/54598741.jpg,catalog/goods/stroitelnyj-instrument/shurupoverty/2199484/1200x800/54598742.jpg,catalog/goods/stroitelnyj-instrument/shurupoverty/2199484/1200x800/54598744.jpg,catalog/goods/stroitelnyj-instrument/shurupoverty/2199484/1200x800/54598745.jpg,catalog/goods/stroitelnyj-instrument/shurupoverty/2199484/1200x800/54598743.jpg,catalog/goods/stroitelnyj-instrument/shurupoverty/2199484/1200x800/54598747.jpg,catalog/goods/stroitelnyj-instrument/shurupoverty/2199484/1200x800/54598746.jpg,catalog/goods/stroitelnyj-instrument/shurupoverty/2199484/1200x800/54598748.jpg,catalog/goods/stroitelnyj-instrument/shurupoverty/2199484/1200x800/54598749.jpg,catalog/goods/stroitelnyj-instrument/shurupoverty/2199484/1200x800/54598750.jpg;1;akkumuljatornyj-shurupovert-elektropribor-da-18-2dm
00000008099;ДА-12ЭР-02;Аккумуляторная дрель-шуруповерт Интерскол ДА-12ЭР-02 534.0.2.01;Инструменты|Электроинструмент|Дрели-шуруповерты;Инструменты|Электроинструмент|Дрели-шуруповерты;Интерскол;"Аккумуляторная дрель-шуруповерт Интерскол ДА-12ЭР-02 534.0.2.01 подходит для интенсивного использования в домашних условиях. Позволяет сверлить отверстия в древесине и металле, а также откручивать/закручивать крепеж.
Муфта ограничения усилия с 18+1 позициями регулировки дает возможность настроить оптимальное усилие затяжки для любой задачи.
Двухскоростной редуктор оснащен металлическими шестернями, что обеспечивает высокую эффективность и долгий срок службы.
Благодаря контроллеру с функцией отключения двигателя при перегрузке достигается безопасность в эксплуатации дрели.
С помощью быстрозажимного патрона можно легко и быстро заменить оснастку.";"Характеристики|Тип|аккумуляторный
Характеристики|Тип двигателя|щеточный
Характеристики|Наличие удара|нет
Характеристики|Ленточные (магазинные)|нет
Характеристики|Наличие реверса|да
Характеристики|Наличие подсветки|да
Характеристики|Тормоз двигателя|есть
Характеристики|Тип патрона|быстрозажимной
Характеристики|Блокировка шпинделя|да
Характеристики|Размер зажимаемой оснастки, мм|0.8-10
Характеристики|Max крутящий момент , Нм|30
Характеристики|Жестк. вращ. момент, Нм|30
Характеристики|Мягк.вращ. момент, Нм|15
Характеристики|Число скоростей|2
Характеристики|Частота вращения шпинделя, об/мин|0-400/0-1400
Характеристики|Число ступеней крутящего момента|18+1
Характеристики|Max диаметр шурупа, мм|5
Характеристики|Max диаметр сверления (металл), мм|10
Характеристики|Мах диаметр сверления (дерево), мм|20
Характеристики|Тип аккумулятора|Li-Ion
Характеристики|Напряжение аккумулятора, В|12
Характеристики|Емкость аккумулятора, А*ч|1.5
Характеристики|Устройство аккумулятора|обойма
Характеристики|Время заряда, ч|1
Характеристики|Количество аккумуляторов в комплекте|2
Характеристики|Габариты без упаковки, мм|180х52х185
Характеристики|Вес нетто, кг|0,96
";catalog/goods/stroitelnyj-instrument/shurupoverty/959001/1200x800/54572159.jpg,catalog/goods/stroitelnyj-instrument/shurupoverty/959001/1200x800/54572160.jpg,catalog/goods/stroitelnyj-instrument/shurupoverty/959001/1200x800/54572161.jpg,catalog/goods/stroitelnyj-instrument/shurupoverty/959001/1200x800/54572162.jpg,catalog/goods/stroitelnyj-instrument/shurupoverty/959001/1200x800/54572163.jpg;1;akkumuljatornaja-drel-shurupovert-interskol-da-12er-02-5340201
